SampleID	A01	A02	A03	A04	A05	A06	A07	A08	A09	B10	B11	B12	B13	B14	B15	B16	B17	B18	C19	C20	C21	C22	C23	C24	C25	C26	C27
Unassigned;Other;Other;Other;Other	0.000271812992661	0.000271812992661	0.000116491282569	0.000465965130276	0.000660117267891	0.000116491282569	0.000116491282569	0.000543625985322	0.000271812992661	7.7660855046e-05	0.000465965130276	0.000349473847707	0.00163087795597	7.7660855046e-05	0.000660117267891	0.000427134702753	0.0	0.000465965130276	0.000116491282569	0.000349473847707	0.000155321710092	0.000543625985322	0.000155321710092	0.000349473847707	0.000155321710092	0.000232982565138	0.000116491282569
k__Bacteria;p__Acidobacteria;c__Acidobacteriia;o__Acidobacteriales;f__Koribacteraceae	0.0	0.0	0.0	0.0	0.0	0.0	0.0	0.0	0.0	0.0	0.0	0.0	0.0	0.0	0.0	0.0	0.0	3.8830427523e-05	0.0	0.0	0.0	0.0	0.0	0.0	0.0	0.0	0.0
k__Bacteria;p__Acidobacteria;c__iii1-8;o__SJA-36;f__	0.0	0.0	0.0	0.0	0.0	0.0	0.0	0.0	0.0	0.0	0.0	0.0	3.8830427523e-05	3.8830427523e-05	0.0	0.0	0.0	0.0	0.0	0.0	0.0	0.0	0.0	0.0	0.0	0.0	0.0
k__Bacteria;p__Actinobacteria;c__Actinobacteria;o__Actinomycetales;f__Corynebacteriaceae	0.000116491282569	0.0	3.8830427523e-05	0.00104842154312	0.000194152137615	0.000310643420184	3.8830427523e-05	0.00178619966606	3.8830427523e-05	0.000116491282569	0.000155321710092	3.8830427523e-05	0.0	3.8830427523e-05	7.7660855046e-05	3.8830427523e-05	0.0	3.8830427523e-05	0.0	3.8830427523e-05	0.0	0.0	0.0	0.0	0.0	0.0	3.8830427523e-05
k__Bacteria;p__Actinobacteria;c__Actinobacteria;o__Actinomycetales;f__Micrococcaceae	0.0	0.0	0.0	0.0	0.0	0.0	0.0	0.0	0.0	0.0	0.0	0.0	0.0	0.0	0.0	0.0	0.0	0.0	0.0	3.8830427523e-05	0.0	0.0	0.0	0.0	0.0	0.0	0.0
k__Bacteria;p__Actinobacteria;c__Actinobacteria;o__Bifidobacteriales;f__Bifidobacteriaceae	0.00683415524405	0.000698947695414	0.00427134702753	0.00931930260552	0.00279579078166	0.00881450704772	0.00166970838349	0.00108725197064	0.00267929949909	0.00128140410826	0.00310643420184	0.00570807284588	0.00531976857065	0.0048926338679	0.00528093814313	0.00139789539083	0.00232982565138	0.00198035180367	0.00415485574496	0.000698947695414	0.00473731215781	0.00349473847707	0.00512561643304	0.00163087795597	0.0015143866734	0.00155321710092	0.000893099833029
k__Bacteria;p__Actinobacteria;c__Coriobacteriia;o__Coriobacteriales;f__Coriobacteriaceae	0.0242301867744	0.00850386362754	0.0106783675688	0.0102124024386	0.00190269094863	0.0218615306955	0.00947462431561	0.012619888945	0.0766900943579	0.0120762629597	0.00493146429542	0.0213955655652	0.0165029316973	0.0291228206423	0.00862035491011	0.00683415524405	0.0192598920514	0.00283462120918	0.00896982875781	0.0185221139285	0.0185997747835	0.0162311187046	0.0256669125927	0.0102124024386	0.00749427251194	0.00493146429542	0.0128917019376
k__Bacteria;p__Actinobacteria;c__MB-A2-108;o__0319-7L14;f__	3.8830427523e-05	0.0	0.0	0.0	0.0	3.8830427523e-05	0.0	0.0	0.0	0.0	0.0	0.0	0.0	0.0	0.0	0.0	0.0	0.0	0.0	0.0	0.0	0.0	0.0	0.0	0.0	0.0	0.0
k__Bacteria;p__Bacteroidetes;c__Bacteroidia;o__Bacteroidales;f__	0.0114549761193	0.00446549916515	0.000854269405506	0.026132877723	0.0232982565138	0.0154156797266	0.011804449967	0.0176290140954	0.00275696035413	0.00411602531744	0.0348308934881	0.0171630489652	0.00357239933212	0.000931930260552	0.0206189570147	0.0326563895468	0.00209684308624	0.0177843358055	0.00873684619268	0.021084922145	0.000155321710092	0.00601871626607	0.00108725197064	0.0033782471945	0.00225216479633	0.0043878383101	0.0018638605211
k__Bacteria;p__Bacteroidetes;c__Bacteroidia;o__Bacteroidales;f__Bacteroidaceae	0.0382479711102	0.0126587193725	0.00664000310643	0.0601095018056	0.0323069156991	0.0556051722129	0.0162311187046	0.02947229449	0.010173572011	0.0392963926533	0.0351027064808	0.0408107793267	0.0517609598882	0.0104065545762	0.02947229449	0.0472566302955	0.0246573214771	0.0382868015377	0.0164252708422	0.0284627033744	0.0165805925523	0.0260163864404	0.00838737234497	0.0115714674019	0.0132023453578	0.0158816448569	0.00780491593212
k__Bacteria;p__Bacteroidetes;c__Bacteroidia;o__Bacteroidales;f__Porphyromonadaceae	0.0141342756184	0.00508678600551	0.00260163864404	0.0119986021046	0.00865918533763	0.00706713780919	0.00594105541102	0.0120374325321	0.00477614258533	0.00679532481653	0.0116879586844	0.00473731215781	0.00660117267891	0.00291228206423	0.00761076379451	0.00636819011377	0.00399953403487	0.00442666873762	0.0274142818312	0.0288898380771	0.0116879586844	0.00951345474314	0.00807672892479	0.0114938065468	0.00904748961286	0.0118432803945	0.00943579388809
k__Bacteria;p__Bacteroidetes;c__Bacteroidia;o__Bacteroidales;f__Prevotellaceae	0.000349473847707	0.00038830427523	0.000116491282569	0.000194152137615	0.000349473847707	0.000194152137615	0.0	7.7660855046e-05	0.0	0.000155321710092	0.000504795557799	0.000271812992661	0.0020191822312	0.000232982565138	7.7660855046e-05	0.000310643420184	0.000155321710092	0.000232982565138	0.000194152137615	0.00120374325321	0.000310643420184	0.000155321710092	3.8830427523e-05	0.000194152137615	3.8830427523e-05	7.7660855046e-05	0.00104842154312
k__Bacteria;p__Bacteroidetes;c__Bacteroidia;o__Bacteroidales;f__Rikenellaceae	0.0391799013707	0.0250067953248	0.0103288937211	0.0384421232478	0.0338989632276	0.0302877334679	0.0192598920514	0.0328505416845	0.0130858540753	0.0369665670019	0.0196093658991	0.0250456257523	0.0250456257523	0.0142507669009	0.0306760377432	0.0341319457927	0.0331223546771	0.0328117112569	0.0411990836019	0.0328505416845	0.0115714674019	0.0307925290257	0.0181338096532	0.0192987224789	0.0158039840019	0.0361511280239	0.0177066749505
k__Bacteria;p__Bacteroidetes;c__Bacteroidia;o__Bacteroidales;f__S24-7	0.375956199278	0.241292276628	0.306255581874	0.299848561333	0.190696229565	0.327573486584	0.347998291461	0.410864753621	0.397429425698	0.152603580165	0.260086203549	0.186114239118	0.246495553916	0.224051566808	0.237486894731	0.263619772454	0.158389313866	0.210926882305	0.334135828835	0.408263114977	0.318293014406	0.377936551081	0.360346367414	0.240554498505	0.195627693861	0.174348619578	0.259969712267
k__Bacteria;p__Bacteroidetes;c__Bacteroidia;o__Bacteroidales;f__SB-1	0.0	0.0	0.0	0.0	0.0	0.0	0.0	0.0	3.8830427523e-05	0.0	0.0	0.0	0.0	0.0	3.8830427523e-05	0.0	0.0	0.0	0.0	0.0	0.0	0.0	0.0	0.0	0.0	0.0	0.0
k__Bacteria;p__Bacteroidetes;c__Bacteroidia;o__Bacteroidales;f__[Odoribacteraceae]	0.0136294800606	0.0128140410826	0.00613520754864	0.0158039840019	0.0238030520716	0.0168135751175	0.0124645672349	0.020191822312	0.00706713780919	0.00497029472294	0.0110666718441	0.00896982875781	0.00761076379451	0.00213567351377	0.0302100726129	0.0153380188716	0.00621286840368	0.0163476099872	0.020191822312	0.0167359142624	0.00260163864404	0.0318409505689	0.0072612899468	0.0155321710092	0.0114549761193	0.0107560284239	0.00718362909176
k__Bacteria;p__Bacteroidetes;c__Bacteroidia;o__Bacteroidales;f__[Paraprevotellaceae]	0.0728847124607	0.0552945287928	0.0212014134276	0.0262881994331	0.0576631848717	0.0436842309634	0.00500912515047	0.013512988778	0.00559158156331	0.022715800101	0.0703607346717	0.0129693627927	0.0436454005359	0.032967032967	0.0401118316313	0.081077932668	0.030443055178	0.0228322913835	0.0614685667689	0.172251776492	0.0577796761542	0.0630606142974	0.0132411757853	0.0102512328661	0.00799906806974	0.00485380344038	0.0342096066478
k__Bacteria;p__Bacteroidetes;c__Flavobacteriia;o__Flavobacteriales;f__[Weeksellaceae]	0.0	0.0	0.0	3.8830427523e-05	0.0	3.8830427523e-05	0.0	0.000737778122937	0.0	0.0	0.0	0.0	0.0	0.0	0.0	0.0	0.0	0.0	0.0	0.0	0.0	0.0	0.0	0.0	0.0	0.0	0.0
k__Bacteria;p__Bacteroidetes;c__Sphingobacteriia;o__Sphingobacteriales;f__Sphingobacteriaceae	0.0	0.0	0.0	0.000232982565138	7.7660855046e-05	0.0	0.0	0.0	0.0	0.0	0.0	0.0	0.0	0.0	0.0	0.0	0.0	0.0	0.0	0.0	0.0	0.0	0.0	0.0	0.0	0.0	0.0
k__Bacteria;p__Chloroflexi;c__Anaerolineae;o__SBR1031;f__SHA-31	0.0	0.0	0.0	0.0	0.000155321710092	0.0	0.0	0.0	0.0	0.0	0.0	0.0	0.0	0.0	0.0	0.0	0.0	0.0	0.0	0.0	0.0	0.0	0.0	0.0	0.0	0.0	0.0
k__Bacteria;p__Cyanobacteria;c__4C0d-2;o__YS2;f__	0.000116491282569	0.0	0.000116491282569	0.000232982565138	0.000155321710092	7.7660855046e-05	0.0	3.8830427523e-05	0.0	3.8830427523e-05	0.000543625985322	3.8830427523e-05	0.0	0.0	0.00038830427523	0.000582456412845	0.0	0.000427134702753	3.8830427523e-05	3.8830427523e-05	0.0	0.0	3.8830427523e-05	0.0	3.8830427523e-05	0.0	0.0
k__Bacteria;p__Cyanobacteria;c__Chloroplast;o__Stramenopiles;f__	0.0	0.0	0.0	0.0	0.0	0.0	0.0	0.0	0.0	0.0	3.8830427523e-05	0.0	0.0	0.0	0.0	0.0	0.0	0.0	3.8830427523e-05	0.0	0.0	0.0	0.0	0.0	0.0	0.0	0.0
k__Bacteria;p__Cyanobacteria;c__Chloroplast;o__Streptophyta;f__	0.000194152137615	0.000232982565138	0.000271812992661	0.000155321710092	0.000232982565138	0.000194152137615	0.000155321710092	7.7660855046e-05	0.0	0.0	3.8830427523e-05	3.8830427523e-05	0.000232982565138	0.000194152137615	0.000232982565138	7.7660855046e-05	0.000116491282569	3.8830427523e-05	0.000194152137615	0.000116491282569	0.000155321710092	7.7660855046e-05	0.000155321710092	0.000194152137615	0.000271812992661	0.000194152137615	0.000155321710092
k__Bacteria;p__Deferribacteres;c__Deferribacteres;o__Deferribacterales;f__Deferribacteraceae	0.000155321710092	0.00481497301285	0.0118432803945	0.00298994291927	0.00372772104221	0.009280472178	0.0211237525725	0.000116491282569	3.8830427523e-05	0.00594105541102	0.000427134702753	0.000427134702753	0.00139789539083	0.000155321710092	3.8830427523e-05	3.8830427523e-05	7.7660855046e-05	0.000194152137615	0.00198035180367	0.000465965130276	7.7660855046e-05	0.000582456412845	0.00038830427523	0.0129305323652	0.0174736923854	0.00904748961286	0.00648468139634
k__Bacteria;p__Firmicutes;c__Bacilli;o__Bacillales;f__Bacillaceae	3.8830427523e-05	0.0	0.0	3.8830427523e-05	0.0	0.0	0.0	0.0	0.0	0.0	0.0	0.0	3.8830427523e-05	0.0	3.8830427523e-05	0.0	0.0	0.0	0.0	0.0	0.0	0.0	0.0	0.0	0.0	0.0	3.8830427523e-05
k__Bacteria;p__Firmicutes;c__Bacilli;o__Bacillales;f__Planococcaceae	0.0	0.0	0.0	7.7660855046e-05	7.7660855046e-05	3.8830427523e-05	0.0	3.8830427523e-05	3.8830427523e-05	0.0	0.0	0.0	0.0	0.0	0.0	0.0	3.8830427523e-05	0.0	0.0	0.0	0.0	0.0	0.0	0.0	0.0	0.0	0.0
k__Bacteria;p__Firmicutes;c__Bacilli;o__Bacillales;f__Staphylococcaceae	7.7660855046e-05	0.0	0.0	3.8830427523e-05	7.7660855046e-05	0.000543625985322	0.0	0.000155321710092	3.8830427523e-05	0.0	3.8830427523e-05	0.0	0.0	0.0	3.8830427523e-05	0.0	0.0	7.7660855046e-05	0.0	3.8830427523e-05	0.0	0.0	0.0	0.0	0.0	0.0	0.0
k__Bacteria;p__Firmicutes;c__Bacilli;o__Lactobacillales;f__	0.0	3.8830427523e-05	0.0	3.8830427523e-05	0.0	0.0	0.000155321710092	0.0	0.0	0.0	0.0	3.8830427523e-05	0.0	0.0	0.0	0.0	0.0	0.0	0.0	0.0	0.0	0.0	0.0	0.0	0.0	0.0	0.0
k__Bacteria;p__Firmicutes;c__Bacilli;o__Lactobacillales;f__Aerococcaceae	7.7660855046e-05	0.0	0.0	0.0	0.0	0.000116491282569	0.0	0.000349473847707	0.0	3.8830427523e-05	0.0	0.0	0.0	3.8830427523e-05	0.0	0.0	3.8830427523e-05	0.0	0.0	0.0	0.0	0.0	0.0	0.0	0.0	0.0	0.0
k__Bacteria;p__Firmicutes;c__Bacilli;o__Lactobacillales;f__Enterococcaceae	3.8830427523e-05	0.0	3.8830427523e-05	0.00104842154312	0.0	0.0	3.8830427523e-05	0.000310643420184	0.0	0.0	0.0	0.000155321710092	0.0	3.8830427523e-05	0.0	0.0	0.0	0.0	0.0	0.0	0.0	0.0	0.0	0.0	0.0	0.0	0.0
k__Bacteria;p__Firmicutes;c__Bacilli;o__Lactobacillales;f__Lactobacillaceae	0.0252786083175	0.0132023453578	0.0315303071487	0.0187162660661	0.00768842464956	0.0311031724459	0.0110666718441	0.00792140721469	0.00796023764222	0.0128917019376	0.0208907700074	0.0154933405817	0.0192598920514	0.0261717081505	0.0147167320312	0.0144837494661	0.0108725197064	0.019376383334	0.0106007067138	0.00551392070827	0.0148720537413	0.00493146429542	0.0154933405817	0.00683415524405	0.00403836446239	0.0139012930532	0.0108336892789
k__Bacteria;p__Firmicutes;c__Bacilli;o__Lactobacillales;f__Leuconostocaceae	7.7660855046e-05	0.0	0.0	0.000155321710092	3.8830427523e-05	0.000194152137615	0.000232982565138	0.000116491282569	0.0	0.000116491282569	0.0	3.8830427523e-05	0.0	0.0	0.0	0.0	0.0	7.7660855046e-05	0.000116491282569	3.8830427523e-05	0.0	0.0	7.7660855046e-05	0.0	0.0	3.8830427523e-05	3.8830427523e-05
k__Bacteria;p__Firmicutes;c__Bacilli;o__Lactobacillales;f__Streptococcaceae	0.000698947695414	0.000116491282569	0.000232982565138	0.00143672581835	0.000465965130276	0.000815438977983	0.000543625985322	0.000854269405506	0.0010095911156	0.000465965130276	0.000543625985322	0.000465965130276	3.8830427523e-05	0.000465965130276	0.000698947695414	0.000660117267891	0.000194152137615	0.000427134702753	0.000310643420184	0.000427134702753	0.000271812992661	0.000271812992661	0.000232982565138	0.000116491282569	7.7660855046e-05	7.7660855046e-05	0.000194152137615
k__Bacteria;p__Firmicutes;c__Bacilli;o__Turicibacterales;f__Turicibacteraceae	0.0	0.0	0.0	0.0	0.0	0.0	0.0	0.0	0.0	0.0	0.0	3.8830427523e-05	0.0	0.0	0.0	3.8830427523e-05	0.0	0.0	0.0	0.0	0.0	0.0	0.0	0.0	7.7660855046e-05	3.8830427523e-05	7.7660855046e-05
k__Bacteria;p__Firmicutes;c__Clostridia;o__;f__	0.0	0.0	0.0	0.0	3.8830427523e-05	3.8830427523e-05	0.0	0.0	0.0	0.0	0.0	0.0	0.0	0.0	0.0	0.0	0.0	0.0	0.0	0.0	0.0	0.0	0.0	0.0	0.0	0.0	0.0
k__Bacteria;p__Firmicutes;c__Clostridia;o__Clostridiales;Other	0.0	0.000194152137615	3.8830427523e-05	0.0	0.0	3.8830427523e-05	7.7660855046e-05	0.0	0.0	3.8830427523e-05	0.0	0.0	7.7660855046e-05	0.0	7.7660855046e-05	0.0	0.000116491282569	0.0	0.000271812992661	0.000271812992661	7.7660855046e-05	0.000116491282569	0.000155321710092	0.000116491282569	3.8830427523e-05	0.000155321710092	7.7660855046e-05
k__Bacteria;p__Firmicutes;c__Clostridia;o__Clostridiales;f__	0.0269094862734	0.0884945443249	0.0753698598222	0.081893371646	0.132761231701	0.0446161612239	0.0418592008698	0.148992350406	0.0275307731138	0.134120296664	0.348231274026	0.36213256708	0.0575855240166	0.228322913835	0.224245718945	0.352580281909	0.224478701511	0.357705898342	0.0823205063488	0.0204636353046	0.0502854036423	0.0498582689395	0.0414708965946	0.0779714984662	0.0851939579855	0.123286607386	0.0670213179047
k__Bacteria;p__Firmicutes;c__Clostridia;o__Clostridiales;f__Christensenellaceae	0.00209684308624	0.00178619966606	0.000698947695414	0.00345590804955	0.00147555624587	0.000931930260552	0.000698947695414	0.00283462120918	0.00178619966606	0.00291228206423	0.000970760688075	0.00170853881101	0.00128140410826	0.00291228206423	0.00170853881101	0.00132023453578	0.00209684308624	0.00135906496331	0.00128140410826	0.00128140410826	0.0018638605211	0.00225216479633	0.0028734516367	0.0018638605211	0.00198035180367	0.00170853881101	0.00244631693395
k__Bacteria;p__Firmicutes;c__Clostridia;o__Clostridiales;f__Clostridiaceae	0.00636819011377	0.00295111249175	0.00120374325321	0.00788257678717	0.00341707762202	0.00621286840368	0.00365006018716	0.00652351182387	0.00384421232478	0.00772725507708	0.0119986021046	0.00912515046791	0.00275696035413	0.0130470236477	0.0087756766202	0.0117267891119	0.00698947695414	0.00722245951928	0.00508678600551	0.00524210771561	0.00563041199084	0.0145225798936	0.00551392070827	0.00302877334679	0.00190269094863	0.0028734516367	0.00302877334679
k__Bacteria;p__Firmicutes;c__Clostridia;o__Clostridiales;f__Dehalobacteriaceae	0.000931930260552	0.00244631693395	0.00128140410826	0.00116491282569	0.00353356890459	0.00159204752844	0.000854269405506	0.000504795557799	0.00132023453578	0.00326175591193	0.000271812992661	0.00077660855046	0.00135906496331	0.00139789539083	0.000970760688075	0.000232982565138	0.00205801265872	0.000931930260552	0.00260163864404	0.000815438977983	0.0033782471945	0.00283462120918	0.00147555624587	0.00108725197064	0.00143672581835	0.00128140410826	0.00159204752844
k__Bacteria;p__Firmicutes;c__Clostridia;o__Clostridiales;f__Eubacteriaceae	0.0	0.0	0.0	0.0	0.0	3.8830427523e-05	0.0	0.0	0.0	0.0	0.0	0.0	0.0	0.0	0.0	0.0	0.0	0.0	0.0	0.0	0.0	0.000116491282569	0.0	0.0	0.0	0.0	0.0
k__Bacteria;p__Firmicutes;c__Clostridia;o__Clostridiales;f__Lachnospiraceae	0.0179396575156	0.0462470391799	0.0486933561139	0.0347144022056	0.0508678600551	0.0229099522386	0.0305207160331	0.0218615306955	0.0241913563468	0.0670601483322	0.00815438977983	0.0139012930532	0.0351415369083	0.033782471945	0.0220556828331	0.00970760688075	0.0580514891469	0.0187939269211	0.0267929949909	0.00819322020735	0.0325398982643	0.0204248048771	0.0300547509028	0.0862812099561	0.0631382751524	0.0349473847707	0.0431794354056
k__Bacteria;p__Firmicutes;c__Clostridia;o__Clostridiales;f__Peptococcaceae	0.000155321710092	0.000854269405506	0.0	0.000660117267891	0.000970760688075	0.000427134702753	0.000155321710092	0.000349473847707	3.8830427523e-05	0.000504795557799	0.000310643420184	0.000232982565138	0.0	0.000232982565138	0.000349473847707	0.000232982565138	0.000271812992661	0.00128140410826	7.7660855046e-05	3.8830427523e-05	0.00116491282569	0.000582456412845	0.000737778122937	0.000582456412845	0.000427134702753	3.8830427523e-05	0.000465965130276
k__Bacteria;p__Firmicutes;c__Clostridia;o__Clostridiales;f__Peptostreptococcaceae	0.000543625985322	0.000931930260552	0.0	7.7660855046e-05	0.0	0.000116491282569	0.000349473847707	0.000271812992661	0.0	0.000116491282569	0.000582456412845	0.000427134702753	0.0	0.000116491282569	0.000310643420184	0.000660117267891	0.0	0.000310643420184	0.00582456412845	0.00714479866423	0.00365006018716	0.00419368617248	0.00617403797616	0.00271812992661	0.000854269405506	0.00415485574496	0.00485380344038
k__Bacteria;p__Firmicutes;c__Clostridia;o__Clostridiales;f__Ruminococcaceae	0.0519939424533	0.162854813031	0.11866578651	0.114239117773	0.168291072885	0.0921834349396	0.064963305246	0.0679920785928	0.053236516134	0.117267891119	0.0462858696074	0.0778938376112	0.0854657709781	0.0653904399487	0.100415485574	0.0399953403487	0.103560750204	0.094590921446	0.1185104648	0.0401506620588	0.111132683571	0.104492680464	0.112918883237	0.162117034909	0.16537879082	0.21477109463	0.108492214499
k__Bacteria;p__Firmicutes;c__Clostridia;o__Clostridiales;f__Veillonellaceae	0.000660117267891	0.0	0.0	0.000660117267891	0.000194152137615	0.000310643420184	0.0	7.7660855046e-05	0.0	7.7660855046e-05	0.000194152137615	0.0	3.8830427523e-05	0.0	0.000349473847707	0.000116491282569	0.0	0.000465965130276	7.7660855046e-05	0.000854269405506	0.000232982565138	0.00163087795597	0.000155321710092	0.0	0.0	0.0	0.000155321710092
k__Bacteria;p__Firmicutes;c__Clostridia;o__Clostridiales;f__[Mogibacteriaceae]	0.000582456412845	0.000621286840368	0.000970760688075	0.00124257368074	0.000504795557799	0.000698947695414	0.000310643420184	0.000232982565138	0.000737778122937	0.00112608239817	0.000310643420184	0.000970760688075	0.00139789539083	0.000465965130276	0.000737778122937	0.00077660855046	0.000582456412845	0.000660117267891	0.000737778122937	0.000232982565138	0.000621286840368	0.000582456412845	0.000660117267891	0.00139789539083	0.000931930260552	0.000931930260552	0.000582456412845
k__Bacteria;p__Firmicutes;c__Clostridia;o__Clostridiales;f__[Tissierellaceae]	0.0	0.0	0.0	0.0	0.000621286840368	0.0	0.0	0.0	0.0	0.0	0.0	0.0	0.0	0.0	0.0	0.0	0.0	0.0	0.0	0.0	0.0	0.0	0.0	0.0	0.0	0.0	0.0
k__Bacteria;p__Firmicutes;c__Clostridia;o__Natranaerobiales;f__Anaerobrancaceae	0.0	0.0	0.0	0.0	7.7660855046e-05	0.0	0.0	0.0	0.0	0.0	0.0	0.0	0.0	0.0	0.0	0.0	0.0	0.0	0.0	0.0	0.0	0.0	0.0	0.0	0.0	0.0	0.0
k__Bacteria;p__Firmicutes;c__Clostridia;o__SHA-98;f__	0.0	0.0	0.0	0.000194152137615	0.000232982565138	3.8830427523e-05	3.8830427523e-05	0.0	0.0	0.0	0.000116491282569	0.000116491282569	0.0	0.0	0.000116491282569	7.7660855046e-05	0.0	0.000194152137615	3.8830427523e-05	0.000116491282569	0.0	3.8830427523e-05	0.0	0.0	0.0	0.0	0.0
k__Bacteria;p__Firmicutes;c__Erysipelotrichi;o__Erysipelotrichales;f__Erysipelotrichaceae	0.15221527589	0.0740107948589	0.107987418941	0.104686832602	0.0278025861065	0.146002407487	0.112181105114	0.109035840485	0.237176251311	0.0544790898148	0.0509066904827	0.0866306838038	0.129577136644	0.138313982837	0.0964936123947	0.0357239933212	0.0664000310643	0.03793732769	0.0803013241176	0.0778161767561	0.155011066672	0.0984739641983	0.179862540287	0.0504795557799	0.0733895080185	0.0369277365744	0.0704772259543
k__Bacteria;p__GAL15;c__;o__;f__	7.7660855046e-05	0.0	0.0	0.0	0.0	0.0	0.0	0.0	0.0	0.0	0.0	0.0	0.0	0.0	0.0	0.0	0.0	0.0	0.0	0.0	0.0	0.0	0.0	0.0	0.0	0.0	0.0
k__Bacteria;p__OD1;c__ZB2;o__;f__	0.0	0.0	0.0	0.0	0.0	0.0	0.0	0.0	0.0	0.0	0.0	0.0	3.8830427523e-05	0.0	3.8830427523e-05	0.0	0.0	0.0	0.0	0.0	0.0	0.0	0.0	0.0	0.0	0.0	0.0
k__Bacteria;p__Proteobacteria;c__Alphaproteobacteria;o__;f__	3.8830427523e-05	0.0	0.000194152137615	0.0	7.7660855046e-05	0.0	3.8830427523e-05	7.7660855046e-05	0.0	0.0	0.0	0.0	0.0	0.0	7.7660855046e-05	0.0	0.0	3.8830427523e-05	0.000155321710092	0.0	0.0	7.7660855046e-05	0.0	0.0	0.0	7.7660855046e-05	3.8830427523e-05
k__Bacteria;p__Proteobacteria;c__Alphaproteobacteria;o__RF32;f__	0.0	3.8830427523e-05	0.0	0.000232982565138	0.00124257368074	3.8830427523e-05	3.8830427523e-05	0.000116491282569	0.0	0.0	3.8830427523e-05	0.0	0.0	0.0	0.0	0.0	0.0	0.0	0.000155321710092	0.0	0.0	0.0	0.0	0.0	0.0	0.0	0.0
k__Bacteria;p__Proteobacteria;c__Alphaproteobacteria;o__Rhizobiales;f__Bradyrhizobiaceae	3.8830427523e-05	0.0	0.0	0.0	0.0	0.0	0.0	0.0	0.0	0.0	0.0	0.0	0.0	3.8830427523e-05	0.0	0.0	0.0	0.0	0.0	0.0	0.0	0.0	0.0	0.0	0.0	0.0	0.0
k__Bacteria;p__Proteobacteria;c__Alphaproteobacteria;o__Rhizobiales;f__Brucellaceae	0.0	0.0	0.0	0.0	0.0	0.0	0.0	7.7660855046e-05	0.0	0.0	0.0	0.0	0.0	0.0	0.0	0.0	0.0	0.0	0.0	0.0	0.0	0.0	0.0	0.0	0.0	0.0	0.0
k__Bacteria;p__Proteobacteria;c__Alphaproteobacteria;o__Rhodospirillales;f__Rhodospirillaceae	3.8830427523e-05	0.0	0.0	0.0	0.0	0.0	0.0	0.0	0.0	0.0	0.0	3.8830427523e-05	0.0	3.8830427523e-05	0.0	0.0	0.0	0.0	0.0	0.0	3.8830427523e-05	0.0	0.0	0.0	0.0	0.0	0.0
k__Bacteria;p__Proteobacteria;c__Alphaproteobacteria;o__Rickettsiales;f__mitochondria	0.0	3.8830427523e-05	3.8830427523e-05	0.0	0.0	3.8830427523e-05	3.8830427523e-05	0.0	0.0	0.0	0.0	0.0	0.0	0.0	0.0	0.0	0.0	0.0	3.8830427523e-05	0.0	0.0	0.0	7.7660855046e-05	0.0	0.0	0.0	0.0
k__Bacteria;p__Proteobacteria;c__Alphaproteobacteria;o__Sphingomonadales;f__Sphingomonadaceae	0.000116491282569	0.0	0.0	0.0	0.0	0.0	0.0	0.0	0.0	0.0	0.0	0.0	0.0	0.0	0.0	0.0	0.0	0.0	0.0	0.0	0.0	0.0	0.0	0.0	0.0	0.0	0.0
k__Bacteria;p__Proteobacteria;c__Betaproteobacteria;Other;Other	0.0	0.0	0.0	0.0	0.0	0.0	0.0	0.0	0.0	3.8830427523e-05	3.8830427523e-05	0.0	0.0	0.0	0.0	0.0	0.0	0.0	0.0	0.0	0.0	0.0	0.0	0.0	0.0	0.0	0.0
k__Bacteria;p__Proteobacteria;c__Betaproteobacteria;o__Burkholderiales;f__Alcaligenaceae	0.0286180250845	0.00333941676698	0.0018638605211	0.00520327728808	0.00353356890459	0.00298994291927	0.018483283501	0.00143672581835	0.0130470236477	0.000271812992661	0.00617403797616	0.00302877334679	0.00974643730827	0.00248514736147	0.0201141614569	0.00209684308624	0.0010095911156	0.00318409505689	0.0179008270881	0.0198423484643	0.0176290140954	0.012619888945	0.0179784879432	0.00190269094863	0.00155321710092	0.000543625985322	0.002523977789
k__Bacteria;p__Proteobacteria;c__Betaproteobacteria;o__Burkholderiales;f__Comamonadaceae	0.0	0.0	3.8830427523e-05	0.0	0.0	0.0	0.0	0.000116491282569	0.0	0.0	3.8830427523e-05	0.0	0.0	3.8830427523e-05	0.0	0.0	0.0	0.0	0.0	0.0	0.0	0.0	0.0	0.0	0.0	0.0	0.0
k__Bacteria;p__Proteobacteria;c__Betaproteobacteria;o__Rhodocyclales;f__Rhodocyclaceae	0.0	0.0	0.0	0.0	0.0	0.0	0.0	0.0	0.0	7.7660855046e-05	0.0	0.0	0.0	0.0	0.0	0.0	0.0	0.0	0.0	0.0	0.0	0.0	0.0	0.0	0.0	0.0	0.0
k__Bacteria;p__Proteobacteria;c__Deltaproteobacteria;o__Desulfovibrionales;f__Desulfovibrionaceae	0.0466353434551	0.149768958956	0.0705160563818	0.0469848173028	0.114355609055	0.0179008270881	0.0323457461267	0.0248903040422	0.0479167475634	0.169883120413	0.0102124024386	0.0230264435211	0.0610026016386	0.123791402943	0.0386751058129	0.0111443326991	0.212946064536	0.0452762784918	0.0413932357395	0.0398788490661	0.137848017707	0.081893371646	0.101696889683	0.170737389819	0.234691103949	0.238030520716	0.179280083874
k__Bacteria;p__Proteobacteria;c__Epsilonproteobacteria;o__Campylobacterales;f__Campylobacteraceae	0.0	0.0	0.0	0.0	0.0	0.0	0.0	0.0	0.0	0.000116491282569	0.0	0.0	0.0	0.0	0.0	0.0	0.0	0.0	0.0	0.0	0.0	0.0	0.0	0.0	0.0	0.0	0.0
k__Bacteria;p__Proteobacteria;c__Epsilonproteobacteria;o__Campylobacterales;f__Helicobacteraceae	0.0138624626257	0.0627888013047	0.131712810158	0.0252009474624	0.0897759484332	0.0671766396148	0.218071680969	0.0188327573487	0.0428299615579	0.10989010989	0.0120762629597	0.0238418824991	0.131402166738	0.00862035491011	0.0347920630606	0.00660117267891	0.00803789849726	0.0269094862734	0.0502077427872	0.0246184910496	0.00531976857065	0.0112219935541	0.00796023764222	0.0678367568827	0.0584786238496	0.0288121772221	0.123946724653
k__Bacteria;p__Proteobacteria;c__Gammaproteobacteria;o__Aeromonadales;f__Aeromonadaceae	0.0	0.0	0.0	0.0	0.0	0.0	0.0	0.0	3.8830427523e-05	3.8830427523e-05	0.0	0.0	0.0	0.0	0.0	0.0	0.0	0.0	0.0	0.0	0.0	0.0	0.0	0.0	0.0	0.0	0.0
k__Bacteria;p__Proteobacteria;c__Gammaproteobacteria;o__Enterobacteriales;f__Enterobacteriaceae	0.000349473847707	0.0	0.000116491282569	0.00279579078166	0.000737778122937	0.000116491282569	0.000621286840368	0.00594105541102	0.000116491282569	0.0	0.00124257368074	0.00497029472294	0.0	3.8830427523e-05	0.000194152137615	0.000698947695414	0.000155321710092	0.000465965130276	3.8830427523e-05	0.000194152137615	0.000232982565138	3.8830427523e-05	7.7660855046e-05	0.000155321710092	0.000194152137615	0.0	0.000116491282569
k__Bacteria;p__Proteobacteria;c__Gammaproteobacteria;o__Legionellales;f__Legionellaceae	3.8830427523e-05	0.0	0.0	0.000116491282569	0.0	0.0	0.0	3.8830427523e-05	3.8830427523e-05	0.0	0.0	3.8830427523e-05	0.0	0.0	0.0	3.8830427523e-05	3.8830427523e-05	0.0	0.0	0.0	0.0	0.0	0.0	7.7660855046e-05	0.0	0.0	3.8830427523e-05
k__Bacteria;p__Proteobacteria;c__Gammaproteobacteria;o__Pasteurellales;f__Pasteurellaceae	0.000232982565138	3.8830427523e-05	0.0	0.0	0.0	0.0	3.8830427523e-05	0.0	0.0	0.0	0.0	0.0	0.0	0.0	0.0	0.0	0.0	0.0	7.7660855046e-05	0.0	7.7660855046e-05	0.000155321710092	0.0	0.0	0.0	0.0	0.0
k__Bacteria;p__Proteobacteria;c__Gammaproteobacteria;o__Pseudomonadales;f__Moraxellaceae	3.8830427523e-05	0.0	0.0	0.000271812992661	0.0	0.0	0.0	0.000931930260552	0.0	0.0	0.0	0.0	0.0	0.0	0.0	0.0	0.0	0.0	0.0	0.0	0.0	0.0	0.0	0.0	0.0	0.0	0.0
k__Bacteria;p__Proteobacteria;c__Gammaproteobacteria;o__Pseudomonadales;f__Pseudomonadaceae	0.0	0.0	0.0	3.8830427523e-05	3.8830427523e-05	0.0	0.0	0.000271812992661	0.0	0.0	0.0	0.0	0.0	0.0	0.0	0.0	0.0	0.0	0.0	0.0	0.0	0.0	0.0	0.0	0.0	0.0	0.0
k__Bacteria;p__Proteobacteria;c__Gammaproteobacteria;o__Xanthomonadales;f__Xanthomonadaceae	0.0	0.0	3.8830427523e-05	7.7660855046e-05	0.0	0.0	0.0	0.000155321710092	0.0	0.0	0.0	0.0	0.0	0.0	0.0	0.0	0.0	0.0	0.0	0.0	0.0	0.0	0.0	0.0	0.0	0.0	0.0
k__Bacteria;p__TM7;c__TM7-3;o__CW040;f__F16	0.0201141614569	0.0130858540753	0.0188715877762	0.0365782627267	0.00784374635965	0.0192598920514	0.00931930260552	0.0209684308624	0.0154545101542	0.0263270298606	0.010989010989	0.0283850425193	0.00768842464956	0.0231429348037	0.00772725507708	0.0104842154312	0.0147167320312	0.0171630489652	0.0181338096532	0.0137459713431	0.0123869063798	0.0185221139285	0.0222886653982	0.0220556828331	0.0198811788918	0.0212790742826	0.0175901836679
k__Bacteria;p__Tenericutes;c__Mollicutes;o__Anaeroplasmatales;f__Anaeroplasmataceae	0.0	0.0	0.0015143866734	0.0	0.000194152137615	0.0	0.0	0.000194152137615	0.0	0.0	0.0	0.0	0.0	0.0	0.000349473847707	0.0	0.0	3.8830427523e-05	0.00718362909176	0.0	0.0	0.000854269405506	0.0	3.8830427523e-05	0.000116491282569	0.000232982565138	3.8830427523e-05
k__Bacteria;p__Tenericutes;c__Mollicutes;o__RF39;f__	0.00531976857065	0.00462082087524	0.0069118160991	0.00652351182387	0.00248514736147	0.00613520754864	0.0020191822312	0.0038830427523	0.0010095911156	0.00345590804955	0.00155321710092	0.00403836446239	0.00578573370093	0.00353356890459	0.00609637712111	0.00687298567157	0.00302877334679	0.00407719488992	0.00450432959267	0.00298994291927	0.00298994291927	0.00302877334679	0.00392187317982	0.00500912515047	0.00345590804955	0.00143672581835	0.00291228206423
k__Bacteria;p__Verrucomicrobia;c__Verrucomicrobiae;o__Verrucomicrobiales;f__Verrucomicrobiaceae	0.0	0.0	0.0	3.8830427523e-05	0.0	0.0	0.0	0.0	0.0	0.000543625985322	0.0148720537413	0.0184056226459	0.0384421232478	0.00516444686056	0.00823205063488	0.00357239933212	0.00345590804955	0.0117656195395	0.0	7.7660855046e-05	3.8830427523e-05	0.0	3.8830427523e-05	0.0	0.00038830427523	0.000194152137615	0.000155321710092