SampleID	A01	A02	A03	A04	A05	A06	A07	A08	A09	B10	B11	B12	B13	B14	B15	B16	B17	B18	C19	C20	C21	C22	C23	C24	C25	C26	C27
Unassigned;Other	0.000271812992661	0.000271812992661	0.000116491282569	0.000465965130276	0.000660117267891	0.000116491282569	0.000116491282569	0.000543625985322	0.000271812992661	7.7660855046e-05	0.000465965130276	0.000349473847707	0.00163087795597	7.7660855046e-05	0.000660117267891	0.000427134702753	0.0	0.000465965130276	0.000116491282569	0.000349473847707	0.000155321710092	0.000543625985322	0.000155321710092	0.000349473847707	0.000155321710092	0.000232982565138	0.000116491282569
k__Bacteria;p__Acidobacteria	0.0	0.0	0.0	0.0	0.0	0.0	0.0	0.0	0.0	0.0	0.0	0.0	3.8830427523e-05	3.8830427523e-05	0.0	0.0	0.0	3.8830427523e-05	0.0	0.0	0.0	0.0	0.0	0.0	0.0	0.0	0.0
k__Bacteria;p__Actinobacteria	0.0312196637285	0.00920281132295	0.0149885450239	0.0205801265872	0.0048926338679	0.0310255115909	0.0111831631266	0.0154933405817	0.0794082242845	0.0134741583505	0.00819322020735	0.0271424688386	0.0218227002679	0.0340542849377	0.0139789539083	0.0082708810624	0.0215897177028	0.00485380344038	0.0131246845028	0.0192987224789	0.0233370869413	0.0197258571817	0.0307925290257	0.0118432803945	0.00900865918534	0.00648468139634	0.0138236321982
k__Bacteria;p__Bacteroidetes	0.565836989865	0.357006950647	0.35413349901	0.479089814779	0.37075292199	0.496679998447	0.418708499981	0.537374286491	0.440919504524	0.267619306489	0.443249330175	0.296082009863	0.386751058129	0.287888789656	0.3963033433	0.480759523162	0.259076612434	0.343649283579	0.509765852522	0.709742554266	0.418980312973	0.545334524133	0.416572826467	0.31227429814	0.255426552246	0.258300003883	0.339222614841
k__Bacteria;p__Chloroflexi	0.0	0.0	0.0	0.0	0.000155321710092	0.0	0.0	0.0	0.0	0.0	0.0	0.0	0.0	0.0	0.0	0.0	0.0	0.0	0.0	0.0	0.0	0.0	0.0	0.0	0.0	0.0	0.0
k__Bacteria;p__Cyanobacteria	0.000310643420184	0.000232982565138	0.00038830427523	0.00038830427523	0.00038830427523	0.000271812992661	0.000155321710092	0.000116491282569	0.0	3.8830427523e-05	0.000621286840368	7.7660855046e-05	0.000232982565138	0.000194152137615	0.000621286840368	0.000660117267891	0.000116491282569	0.000465965130276	0.000271812992661	0.000155321710092	0.000155321710092	7.7660855046e-05	0.000194152137615	0.000194152137615	0.000310643420184	0.000194152137615	0.000155321710092
k__Bacteria;p__Deferribacteres	0.000155321710092	0.00481497301285	0.0118432803945	0.00298994291927	0.00372772104221	0.009280472178	0.0211237525725	0.000116491282569	3.8830427523e-05	0.00594105541102	0.000427134702753	0.000427134702753	0.00139789539083	0.000155321710092	3.8830427523e-05	3.8830427523e-05	7.7660855046e-05	0.000194152137615	0.00198035180367	0.000465965130276	7.7660855046e-05	0.000582456412845	0.00038830427523	0.0129305323652	0.0174736923854	0.00904748961286	0.00648468139634
k__Bacteria;p__Firmicutes	0.286685046402	0.394750126199	0.386712227702	0.372422630373	0.399137964509	0.348969052149	0.267696967344	0.368423096338	0.358909641595	0.402205568283	0.489807012775	0.57014716732	0.334019337553	0.510697782783	0.472100337825	0.468333786355	0.475750398012	0.541412650953	0.334951267813	0.168640546732	0.380732341863	0.305323651613	0.397856560401	0.394594804489	0.398866151516	0.435133770823	0.313555702248
k__Bacteria;p__GAL15	7.7660855046e-05	0.0	0.0	0.0	0.0	0.0	0.0	0.0	0.0	0.0	0.0	0.0	0.0	0.0	0.0	0.0	0.0	0.0	0.0	0.0	0.0	0.0	0.0	0.0	0.0	0.0	0.0
k__Bacteria;p__OD1	0.0	0.0	0.0	0.0	0.0	0.0	0.0	0.0	0.0	0.0	0.0	0.0	3.8830427523e-05	0.0	3.8830427523e-05	0.0	0.0	0.0	0.0	0.0	0.0	0.0	0.0	0.0	0.0	0.0	0.0
k__Bacteria;p__Proteobacteria	0.0900089309983	0.21601366831	0.204519861764	0.0809226109579	0.209761969479	0.0882615617598	0.269677319147	0.0528870422863	0.103987884907	0.280316856289	0.0298217683377	0.0549450549451	0.202151205685	0.135052226925	0.0938531433231	0.0205801265872	0.222187706287	0.07587465538	0.109967770745	0.0845338407176	0.16114627422	0.106007067138	0.127790936978	0.240709820215	0.294917097037	0.267463984778	0.305944938454
k__Bacteria;p__TM7	0.0201141614569	0.0130858540753	0.0188715877762	0.0365782627267	0.00784374635965	0.0192598920514	0.00931930260552	0.0209684308624	0.0154545101542	0.0263270298606	0.010989010989	0.0283850425193	0.00768842464956	0.0231429348037	0.00772725507708	0.0104842154312	0.0147167320312	0.0171630489652	0.0181338096532	0.0137459713431	0.0123869063798	0.0185221139285	0.0222886653982	0.0220556828331	0.0198811788918	0.0212790742826	0.0175901836679
k__Bacteria;p__Tenericutes	0.00531976857065	0.00462082087524	0.00842620277249	0.00652351182387	0.00267929949909	0.00613520754864	0.0020191822312	0.00407719488992	0.0010095911156	0.00345590804955	0.00155321710092	0.00403836446239	0.00578573370093	0.00353356890459	0.00644585096882	0.00687298567157	0.00302877334679	0.00411602531744	0.0116879586844	0.00298994291927	0.00298994291927	0.0038830427523	0.00392187317982	0.00504795557799	0.00357239933212	0.00166970838349	0.00295111249175
k__Bacteria;p__Verrucomicrobia	0.0	0.0	0.0	3.8830427523e-05	0.0	0.0	0.0	0.0	0.0	0.000543625985322	0.0148720537413	0.0184056226459	0.0384421232478	0.00516444686056	0.00823205063488	0.00357239933212	0.00345590804955	0.0117656195395	0.0	7.7660855046e-05	3.8830427523e-05	0.0	3.8830427523e-05	0.0	0.00038830427523	0.000194152137615	0.000155321710092