SampleID	A01	A02	A03	A04	A05	A06	A07	A08	A09	B10	B11	B12	B13	B14	B15	B16	B17	B18	C19	C20	C21	C22	C23	C24	C25	C26	C27
Unassigned;Other;Other;Other;Other;Other;Other	0.000271812992661	0.000271812992661	0.000116491282569	0.000465965130276	0.000660117267891	0.000116491282569	0.000116491282569	0.000543625985322	0.000271812992661	7.7660855046e-05	0.000465965130276	0.000349473847707	0.00163087795597	7.7660855046e-05	0.000660117267891	0.000427134702753	0.0	0.000465965130276	0.000116491282569	0.000349473847707	0.000155321710092	0.000543625985322	0.000155321710092	0.000349473847707	0.000155321710092	0.000232982565138	0.000116491282569
k__Bacteria;p__Acidobacteria;c__Acidobacteriia;o__Acidobacteriales;f__Koribacteraceae;g__;s__	0.0	0.0	0.0	0.0	0.0	0.0	0.0	0.0	0.0	0.0	0.0	0.0	0.0	0.0	0.0	0.0	0.0	3.8830427523e-05	0.0	0.0	0.0	0.0	0.0	0.0	0.0	0.0	0.0
k__Bacteria;p__Acidobacteria;c__iii1-8;o__SJA-36;f__;g__;s__	0.0	0.0	0.0	0.0	0.0	0.0	0.0	0.0	0.0	0.0	0.0	0.0	3.8830427523e-05	3.8830427523e-05	0.0	0.0	0.0	0.0	0.0	0.0	0.0	0.0	0.0	0.0	0.0	0.0	0.0
k__Bacteria;p__Actinobacteria;c__Actinobacteria;o__Actinomycetales;f__Corynebacteriaceae;g__Corynebacterium;s__	0.000116491282569	0.0	3.8830427523e-05	0.0010095911156	0.000155321710092	0.000310643420184	3.8830427523e-05	0.00178619966606	3.8830427523e-05	0.000116491282569	0.000155321710092	3.8830427523e-05	0.0	3.8830427523e-05	7.7660855046e-05	3.8830427523e-05	0.0	3.8830427523e-05	0.0	3.8830427523e-05	0.0	0.0	0.0	0.0	0.0	0.0	3.8830427523e-05
k__Bacteria;p__Actinobacteria;c__Actinobacteria;o__Actinomycetales;f__Corynebacteriaceae;g__Corynebacterium;s__variabile	0.0	0.0	0.0	3.8830427523e-05	3.8830427523e-05	0.0	0.0	0.0	0.0	0.0	0.0	0.0	0.0	0.0	0.0	0.0	0.0	0.0	0.0	0.0	0.0	0.0	0.0	0.0	0.0	0.0	0.0
k__Bacteria;p__Actinobacteria;c__Actinobacteria;o__Actinomycetales;f__Micrococcaceae;g__Rothia;s__dentocariosa	0.0	0.0	0.0	0.0	0.0	0.0	0.0	0.0	0.0	0.0	0.0	0.0	0.0	0.0	0.0	0.0	0.0	0.0	0.0	3.8830427523e-05	0.0	0.0	0.0	0.0	0.0	0.0	0.0
k__Bacteria;p__Actinobacteria;c__Actinobacteria;o__Bifidobacteriales;f__Bifidobacteriaceae;g__;s__	7.7660855046e-05	0.0	3.8830427523e-05	0.0	3.8830427523e-05	3.8830427523e-05	3.8830427523e-05	3.8830427523e-05	7.7660855046e-05	0.0	3.8830427523e-05	0.0	0.0	0.0	0.0	0.0	0.0	3.8830427523e-05	0.0	0.0	0.000116491282569	0.0	0.0	0.0	0.0	0.0	0.0
k__Bacteria;p__Actinobacteria;c__Actinobacteria;o__Bifidobacteriales;f__Bifidobacteriaceae;g__Bifidobacterium;Other	0.006756494389	0.000698947695414	0.00415485574496	0.00904748961286	0.00271812992661	0.00869801576515	0.00155321710092	0.00104842154312	0.002523977789	0.00124257368074	0.00302877334679	0.00566924241836	0.00361122975964	0.0048926338679	0.00520327728808	0.00135906496331	0.00229099522386	0.00194152137615	0.00407719488992	0.000698947695414	0.00462082087524	0.00349473847707	0.00504795557799	0.00159204752844	0.0015143866734	0.00155321710092	0.000893099833029
k__Bacteria;p__Actinobacteria;c__Actinobacteria;o__Bifidobacteriales;f__Bifidobacteriaceae;g__Bifidobacterium;s__	0.0	0.0	3.8830427523e-05	7.7660855046e-05	3.8830427523e-05	0.0	7.7660855046e-05	0.0	0.0	3.8830427523e-05	0.0	0.0	0.00170853881101	0.0	0.0	3.8830427523e-05	0.0	0.0	0.0	0.0	0.0	0.0	0.0	0.0	0.0	0.0	0.0
k__Bacteria;p__Actinobacteria;c__Actinobacteria;o__Bifidobacteriales;f__Bifidobacteriaceae;g__Bifidobacterium;s__pseudolongum	0.0	0.0	3.8830427523e-05	0.000194152137615	0.0	7.7660855046e-05	0.0	0.0	7.7660855046e-05	0.0	3.8830427523e-05	3.8830427523e-05	0.0	0.0	7.7660855046e-05	0.0	3.8830427523e-05	0.0	7.7660855046e-05	0.0	0.0	0.0	7.7660855046e-05	3.8830427523e-05	0.0	0.0	0.0
k__Bacteria;p__Actinobacteria;c__Coriobacteriia;o__Coriobacteriales;f__Coriobacteriaceae;g__;s__	0.0215897177028	0.00780491593212	0.0102900632936	0.00931930260552	0.00159204752844	0.0212014134276	0.00865918533763	0.0117656195395	0.0758358249524	0.010989010989	0.0043878383101	0.0205024657321	0.015959305712	0.0267153341358	0.00710596823671	0.00621286840368	0.0185221139285	0.00225216479633	0.00753310293946	0.0170077272551	0.0167747446899	0.0144837494661	0.0232594260863	0.00951345474314	0.00644585096882	0.00454316002019	0.0115714674019
k__Bacteria;p__Actinobacteria;c__Coriobacteriia;o__Coriobacteriales;f__Coriobacteriaceae;g__Adlercreutzia;s__	0.00264046907156	0.000698947695414	0.00038830427523	0.000893099833029	0.000310643420184	0.000660117267891	0.000815438977983	0.000854269405506	0.000854269405506	0.00108725197064	0.000543625985322	0.000893099833029	0.000543625985322	0.00240748650643	0.0015143866734	0.000621286840368	0.000737778122937	0.000582456412845	0.00143672581835	0.0015143866734	0.00182503009358	0.00174736923854	0.00240748650643	0.000698947695414	0.00104842154312	0.00038830427523	0.00132023453578
k__Bacteria;p__Actinobacteria;c__MB-A2-108;o__0319-7L14;f__;g__;s__	3.8830427523e-05	0.0	0.0	0.0	0.0	3.8830427523e-05	0.0	0.0	0.0	0.0	0.0	0.0	0.0	0.0	0.0	0.0	0.0	0.0	0.0	0.0	0.0	0.0	0.0	0.0	0.0	0.0	0.0
k__Bacteria;p__Bacteroidetes;c__Bacteroidia;o__Bacteroidales;f__;g__;s__	0.0114549761193	0.00446549916515	0.000854269405506	0.026132877723	0.0232982565138	0.0154156797266	0.011804449967	0.0176290140954	0.00275696035413	0.00411602531744	0.0348308934881	0.0171630489652	0.00357239933212	0.000931930260552	0.0206189570147	0.0326563895468	0.00209684308624	0.0177843358055	0.00873684619268	0.021084922145	0.000155321710092	0.00601871626607	0.00108725197064	0.0033782471945	0.00225216479633	0.0043878383101	0.0018638605211
k__Bacteria;p__Bacteroidetes;c__Bacteroidia;o__Bacteroidales;f__Bacteroidaceae;g__Bacteroides;s__	0.0108336892789	0.0072612899468	0.00326175591193	0.0138236321982	0.0204248048771	0.017745505378	0.00644585096882	0.00935813303304	0.00446549916515	0.0202306527395	0.0141731060459	0.0172795402477	0.010989010989	0.00718362909176	0.010911350134	0.0154933405817	0.015221527589	0.0114938065468	0.00912515046791	0.00966877645323	0.00582456412845	0.00683415524405	0.00384421232478	0.00380538189725	0.00481497301285	0.00485380344038	0.00365006018716
k__Bacteria;p__Bacteroidetes;c__Bacteroidia;o__Bacteroidales;f__Bacteroidaceae;g__Bacteroides;s__acidifaciens	0.0273754514037	0.00528093814313	0.0033782471945	0.0462858696074	0.0118432803945	0.0378596668349	0.0097852677358	0.0201141614569	0.00570807284588	0.0190657399138	0.0208907700074	0.0234535782239	0.0407331184716	0.00322292548441	0.018560944356	0.0317632897138	0.00943579388809	0.0267929949909	0.0072612899468	0.0187550964936	0.0107560284239	0.0191045703413	0.00454316002019	0.0077660855046	0.00830971148992	0.0110278414165	0.00411602531744
k__Bacteria;p__Bacteroidetes;c__Bacteroidia;o__Bacteroidales;f__Bacteroidaceae;g__Bacteroides;s__uniformis	3.8830427523e-05	0.000116491282569	0.0	0.0	3.8830427523e-05	0.0	0.0	0.0	0.0	0.0	3.8830427523e-05	7.7660855046e-05	3.8830427523e-05	0.0	0.0	0.0	0.0	0.0	3.8830427523e-05	3.8830427523e-05	0.0	7.7660855046e-05	0.0	0.0	7.7660855046e-05	0.0	3.8830427523e-05
k__Bacteria;p__Bacteroidetes;c__Bacteroidia;o__Bacteroidales;f__Porphyromonadaceae;g__;s__	0.0	0.0	0.0	3.8830427523e-05	0.0	0.0	0.0	0.0	0.0	0.0	0.0	0.0	0.000116491282569	0.0	0.0	0.0	0.0	0.0	0.0	0.0	0.0	0.0	0.0	0.0	0.0	0.0	0.0
k__Bacteria;p__Bacteroidetes;c__Bacteroidia;o__Bacteroidales;f__Porphyromonadaceae;g__Parabacteroides;s__	0.0105618762863	0.00302877334679	0.00135906496331	0.00842620277249	0.00357239933212	0.00411602531744	0.00353356890459	0.0108336892789	0.0023686560789	0.00077660855046	0.00225216479633	0.00132023453578	0.000582456412845	0.000621286840368	0.00139789539083	0.00194152137615	0.000582456412845	0.00108725197064	0.0253562691725	0.0196870267542	0.00652351182387	0.00520327728808	0.00520327728808	0.0077660855046	0.00605754669359	0.00997941987341	0.0072612899468
k__Bacteria;p__Bacteroidetes;c__Bacteroidia;o__Bacteroidales;f__Porphyromonadaceae;g__Parabacteroides;s__distasonis	0.00357239933212	0.00205801265872	0.00124257368074	0.00353356890459	0.00508678600551	0.00295111249175	0.00240748650643	0.00120374325321	0.00240748650643	0.00601871626607	0.00943579388809	0.00341707762202	0.0059022249835	0.00229099522386	0.00621286840368	0.00442666873762	0.00341707762202	0.00333941676698	0.00205801265872	0.00920281132295	0.00516444686056	0.00431017745505	0.0028734516367	0.00372772104221	0.00298994291927	0.0018638605211	0.00217450394129
k__Bacteria;p__Bacteroidetes;c__Bacteroidia;o__Bacteroidales;f__Prevotellaceae;g__;s__	0.000232982565138	0.000349473847707	7.7660855046e-05	7.7660855046e-05	0.000194152137615	0.000155321710092	0.0	0.0	0.0	0.000116491282569	0.000465965130276	7.7660855046e-05	7.7660855046e-05	0.000232982565138	7.7660855046e-05	0.000271812992661	0.000155321710092	0.000155321710092	0.000194152137615	0.000737778122937	0.000310643420184	0.000155321710092	0.0	3.8830427523e-05	0.0	3.8830427523e-05	7.7660855046e-05
k__Bacteria;p__Bacteroidetes;c__Bacteroidia;o__Bacteroidales;f__Prevotellaceae;g__Prevotella;s__	0.0	3.8830427523e-05	3.8830427523e-05	0.000116491282569	0.000116491282569	3.8830427523e-05	0.0	7.7660855046e-05	0.0	3.8830427523e-05	3.8830427523e-05	3.8830427523e-05	0.00194152137615	0.0	0.0	3.8830427523e-05	0.0	7.7660855046e-05	0.0	0.00038830427523	0.0	0.0	0.0	0.000155321710092	3.8830427523e-05	3.8830427523e-05	0.000970760688075
k__Bacteria;p__Bacteroidetes;c__Bacteroidia;o__Bacteroidales;f__Prevotellaceae;g__Prevotella;s__copri	0.0	0.0	0.0	0.0	0.0	0.0	0.0	0.0	0.0	0.0	0.0	0.000155321710092	0.0	0.0	0.0	0.0	0.0	0.0	0.0	7.7660855046e-05	0.0	0.0	3.8830427523e-05	0.0	0.0	0.0	0.0
k__Bacteria;p__Bacteroidetes;c__Bacteroidia;o__Bacteroidales;f__Prevotellaceae;g__Prevotella;s__melaninogenica	0.000116491282569	0.0	0.0	0.0	3.8830427523e-05	0.0	0.0	0.0	0.0	0.0	0.0	0.0	0.0	0.0	0.0	0.0	0.0	0.0	0.0	0.0	0.0	0.0	0.0	0.0	0.0	0.0	0.0
k__Bacteria;p__Bacteroidetes;c__Bacteroidia;o__Bacteroidales;f__Rikenellaceae;g__;s__	0.021084922145	0.0164252708422	0.0064070205413	0.019454044189	0.0246961519046	0.015143866734	0.0128528715101	0.0192598920514	0.00679532481653	0.0205024657321	0.0110278414165	0.0131635149303	0.021084922145	0.00516444686056	0.0182503009358	0.0229876130936	0.0183667922184	0.0214732264202	0.0298605987652	0.027763755679	0.00524210771561	0.0189492486312	0.0064070205413	0.0117267891119	0.00788257678717	0.0248903040422	0.0106783675688
k__Bacteria;p__Bacteroidetes;c__Bacteroidia;o__Bacteroidales;f__Rikenellaceae;g__AF12;s__	0.00889216790277	0.00586339455597	0.00264046907156	0.0117656195395	0.00706713780919	0.0100182503009	0.00411602531744	0.0111443326991	0.00566924241836	0.0140177843358	0.00761076379451	0.0112996544092	0.00357239933212	0.00695064652662	0.00896982875781	0.00815438977983	0.00962994602571	0.0102900632936	0.00854269405506	0.0043878383101	0.00531976857065	0.00757193336699	0.00920281132295	0.00671766396148	0.00733895080185	0.00753310293946	0.00477614258533
k__Bacteria;p__Bacteroidetes;c__Bacteroidia;o__Bacteroidales;f__Rikenellaceae;g__Rikenella;s__	0.00920281132295	0.00271812992661	0.00128140410826	0.00722245951928	0.00213567351377	0.00512561643304	0.00229099522386	0.00244631693395	0.000621286840368	0.00244631693395	0.000970760688075	0.000582456412845	0.00038830427523	0.00213567351377	0.00345590804955	0.00298994291927	0.00512561643304	0.00104842154312	0.00279579078166	0.000698947695414	0.0010095911156	0.00427134702753	0.002523977789	0.000854269405506	0.000582456412845	0.00372772104221	0.00225216479633
k__Bacteria;p__Bacteroidetes;c__Bacteroidia;o__Bacteroidales;f__S24-7;g__;s__	0.375956199278	0.241292276628	0.306255581874	0.299848561333	0.190696229565	0.327573486584	0.347998291461	0.410864753621	0.397429425698	0.152603580165	0.260086203549	0.186114239118	0.246495553916	0.224051566808	0.237486894731	0.263619772454	0.158389313866	0.210926882305	0.334135828835	0.408263114977	0.318293014406	0.377936551081	0.360346367414	0.240554498505	0.195627693861	0.174348619578	0.259969712267
k__Bacteria;p__Bacteroidetes;c__Bacteroidia;o__Bacteroidales;f__SB-1;g__;s__	0.0	0.0	0.0	0.0	0.0	0.0	0.0	0.0	3.8830427523e-05	0.0	0.0	0.0	0.0	0.0	3.8830427523e-05	0.0	0.0	0.0	0.0	0.0	0.0	0.0	0.0	0.0	0.0	0.0	0.0
k__Bacteria;p__Bacteroidetes;c__Bacteroidia;o__Bacteroidales;f__[Odoribacteraceae];g__Butyricimonas;s__	0.00531976857065	0.0023686560789	0.0028734516367	0.00524210771561	0.0064070205413	0.00372772104221	0.00450432959267	0.00415485574496	0.00283462120918	0.000465965130276	0.00508678600551	0.00376655146973	0.0038830427523	0.000815438977983	0.00372772104221	0.00714479866423	0.000854269405506	0.00368889061469	0.00516444686056	0.00617403797616	0.00038830427523	0.00279579078166	0.000155321710092	0.00306760377432	0.00318409505689	0.00431017745505	0.00147555624587
k__Bacteria;p__Bacteroidetes;c__Bacteroidia;o__Bacteroidales;f__[Odoribacteraceae];g__Odoribacter;s__	0.00830971148992	0.0104453850037	0.00326175591193	0.0105618762863	0.0173960315303	0.0130858540753	0.00796023764222	0.016036966567	0.00423251660001	0.00450432959267	0.00597988583854	0.00520327728808	0.00372772104221	0.00132023453578	0.0264823515707	0.00819322020735	0.00535859899817	0.0126587193725	0.0150273754514	0.0105618762863	0.00221333436881	0.0290451597872	0.00710596823671	0.0124645672349	0.0082708810624	0.00644585096882	0.00570807284588
k__Bacteria;p__Bacteroidetes;c__Bacteroidia;o__Bacteroidales;f__[Paraprevotellaceae];g__Paraprevotella;s__	0.000970760688075	0.000427134702753	3.8830427523e-05	0.000465965130276	0.000349473847707	0.000543625985322	0.000155321710092	0.00038830427523	3.8830427523e-05	0.000232982565138	0.000194152137615	0.000271812992661	0.000194152137615	0.000116491282569	0.000194152137615	0.000310643420184	3.8830427523e-05	3.8830427523e-05	0.000232982565138	0.00116491282569	0.000504795557799	0.000621286840368	0.000349473847707	0.000232982565138	0.000310643420184	0.000116491282569	0.000427134702753
k__Bacteria;p__Bacteroidetes;c__Bacteroidia;o__Bacteroidales;f__[Paraprevotellaceae];g__[Prevotella];s__	0.0719139517726	0.05486739409	0.021162583	0.0258222343028	0.057313711024	0.0431406049781	0.00485380344038	0.0131246845028	0.00555275113579	0.0224828175358	0.0701665825341	0.0126975498	0.0434512483982	0.0328505416845	0.0399176794937	0.0807672892479	0.0304042247505	0.022793460956	0.0612355842038	0.171086863666	0.0572748805964	0.062439327457	0.0128917019376	0.0100182503009	0.00768842464956	0.00473731215781	0.033782471945
k__Bacteria;p__Bacteroidetes;c__Flavobacteriia;o__Flavobacteriales;f__[Weeksellaceae];g__Wautersiella;s__	0.0	0.0	0.0	3.8830427523e-05	0.0	3.8830427523e-05	0.0	0.000737778122937	0.0	0.0	0.0	0.0	0.0	0.0	0.0	0.0	0.0	0.0	0.0	0.0	0.0	0.0	0.0	0.0	0.0	0.0	0.0
k__Bacteria;p__Bacteroidetes;c__Sphingobacteriia;o__Sphingobacteriales;f__Sphingobacteriaceae;g__Sphingobacterium;s__	0.0	0.0	0.0	0.0	3.8830427523e-05	0.0	0.0	0.0	0.0	0.0	0.0	0.0	0.0	0.0	0.0	0.0	0.0	0.0	0.0	0.0	0.0	0.0	0.0	0.0	0.0	0.0	0.0
k__Bacteria;p__Bacteroidetes;c__Sphingobacteriia;o__Sphingobacteriales;f__Sphingobacteriaceae;g__Sphingobacterium;s__mizutaii	0.0	0.0	0.0	0.000232982565138	3.8830427523e-05	0.0	0.0	0.0	0.0	0.0	0.0	0.0	0.0	0.0	0.0	0.0	0.0	0.0	0.0	0.0	0.0	0.0	0.0	0.0	0.0	0.0	0.0
k__Bacteria;p__Chloroflexi;c__Anaerolineae;o__SBR1031;f__SHA-31;g__;s__	0.0	0.0	0.0	0.0	0.000155321710092	0.0	0.0	0.0	0.0	0.0	0.0	0.0	0.0	0.0	0.0	0.0	0.0	0.0	0.0	0.0	0.0	0.0	0.0	0.0	0.0	0.0	0.0
k__Bacteria;p__Cyanobacteria;c__4C0d-2;o__YS2;f__;g__;s__	0.000116491282569	0.0	0.000116491282569	0.000232982565138	0.000155321710092	7.7660855046e-05	0.0	3.8830427523e-05	0.0	3.8830427523e-05	0.000543625985322	3.8830427523e-05	0.0	0.0	0.00038830427523	0.000582456412845	0.0	0.000427134702753	3.8830427523e-05	3.8830427523e-05	0.0	0.0	3.8830427523e-05	0.0	3.8830427523e-05	0.0	0.0
k__Bacteria;p__Cyanobacteria;c__Chloroplast;o__Stramenopiles;f__;g__;s__	0.0	0.0	0.0	0.0	0.0	0.0	0.0	0.0	0.0	0.0	3.8830427523e-05	0.0	0.0	0.0	0.0	0.0	0.0	0.0	3.8830427523e-05	0.0	0.0	0.0	0.0	0.0	0.0	0.0	0.0
k__Bacteria;p__Cyanobacteria;c__Chloroplast;o__Streptophyta;f__;g__;s__	0.000194152137615	0.000232982565138	0.000271812992661	0.000155321710092	0.000232982565138	0.000194152137615	0.000155321710092	7.7660855046e-05	0.0	0.0	3.8830427523e-05	3.8830427523e-05	0.000232982565138	0.000194152137615	0.000232982565138	7.7660855046e-05	0.000116491282569	3.8830427523e-05	0.000194152137615	0.000116491282569	0.000155321710092	7.7660855046e-05	0.000155321710092	0.000194152137615	0.000271812992661	0.000194152137615	0.000155321710092
k__Bacteria;p__Deferribacteres;c__Deferribacteres;o__Deferribacterales;f__Deferribacteraceae;g__Mucispirillum;s__schaedleri	0.000155321710092	0.00481497301285	0.0118432803945	0.00298994291927	0.00372772104221	0.009280472178	0.0211237525725	0.000116491282569	3.8830427523e-05	0.00594105541102	0.000427134702753	0.000427134702753	0.00139789539083	0.000155321710092	3.8830427523e-05	3.8830427523e-05	7.7660855046e-05	0.000194152137615	0.00198035180367	0.000465965130276	7.7660855046e-05	0.000582456412845	0.00038830427523	0.0129305323652	0.0174736923854	0.00904748961286	0.00648468139634
k__Bacteria;p__Firmicutes;c__Bacilli;o__Bacillales;f__Bacillaceae;g__Anoxybacillus;s__kestanbolensis	3.8830427523e-05	0.0	0.0	3.8830427523e-05	0.0	0.0	0.0	0.0	0.0	0.0	0.0	0.0	3.8830427523e-05	0.0	3.8830427523e-05	0.0	0.0	0.0	0.0	0.0	0.0	0.0	0.0	0.0	0.0	0.0	3.8830427523e-05
k__Bacteria;p__Firmicutes;c__Bacilli;o__Bacillales;f__Planococcaceae;g__;s__	0.0	0.0	0.0	0.0	7.7660855046e-05	3.8830427523e-05	0.0	3.8830427523e-05	3.8830427523e-05	0.0	0.0	0.0	0.0	0.0	0.0	0.0	3.8830427523e-05	0.0	0.0	0.0	0.0	0.0	0.0	0.0	0.0	0.0	0.0
k__Bacteria;p__Firmicutes;c__Bacilli;o__Bacillales;f__Planococcaceae;g__Lysinibacillus;s__boronitolerans	0.0	0.0	0.0	7.7660855046e-05	0.0	0.0	0.0	0.0	0.0	0.0	0.0	0.0	0.0	0.0	0.0	0.0	0.0	0.0	0.0	0.0	0.0	0.0	0.0	0.0	0.0	0.0	0.0
k__Bacteria;p__Firmicutes;c__Bacilli;o__Bacillales;f__Staphylococcaceae;g__Staphylococcus;s__sciuri	7.7660855046e-05	0.0	0.0	3.8830427523e-05	7.7660855046e-05	0.000543625985322	0.0	0.000155321710092	3.8830427523e-05	0.0	3.8830427523e-05	0.0	0.0	0.0	3.8830427523e-05	0.0	0.0	7.7660855046e-05	0.0	3.8830427523e-05	0.0	0.0	0.0	0.0	0.0	0.0	0.0
k__Bacteria;p__Firmicutes;c__Bacilli;o__Lactobacillales;f__;g__;s__	0.0	3.8830427523e-05	0.0	3.8830427523e-05	0.0	0.0	0.000155321710092	0.0	0.0	0.0	0.0	3.8830427523e-05	0.0	0.0	0.0	0.0	0.0	0.0	0.0	0.0	0.0	0.0	0.0	0.0	0.0	0.0	0.0
k__Bacteria;p__Firmicutes;c__Bacilli;o__Lactobacillales;f__Aerococcaceae;g__Aerococcus;s__	7.7660855046e-05	0.0	0.0	0.0	0.0	0.000116491282569	0.0	0.000349473847707	0.0	3.8830427523e-05	0.0	0.0	0.0	3.8830427523e-05	0.0	0.0	3.8830427523e-05	0.0	0.0	0.0	0.0	0.0	0.0	0.0	0.0	0.0	0.0
k__Bacteria;p__Firmicutes;c__Bacilli;o__Lactobacillales;f__Enterococcaceae;g__Enterococcus;Other	3.8830427523e-05	0.0	3.8830427523e-05	0.0	0.0	0.0	0.0	0.000155321710092	0.0	0.0	0.0	0.000155321710092	0.0	3.8830427523e-05	0.0	0.0	0.0	0.0	0.0	0.0	0.0	0.0	0.0	0.0	0.0	0.0	0.0
k__Bacteria;p__Firmicutes;c__Bacilli;o__Lactobacillales;f__Enterococcaceae;g__Tetragenococcus;s__halophilus	0.0	0.0	0.0	0.00104842154312	0.0	0.0	3.8830427523e-05	0.000155321710092	0.0	0.0	0.0	0.0	0.0	0.0	0.0	0.0	0.0	0.0	0.0	0.0	0.0	0.0	0.0	0.0	0.0	0.0	0.0
k__Bacteria;p__Firmicutes;c__Bacilli;o__Lactobacillales;f__Lactobacillaceae;g__Lactobacillus;s__	0.0228322913835	0.0123869063798	0.0304818856056	0.0184056226459	0.00745544208442	0.029549955345	0.00959111559818	0.0069118160991	0.00648468139634	0.0113773152642	0.0186774356386	0.0137848017707	0.0185221139285	0.0229487826661	0.0133964974954	0.0133188366404	0.010095911156	0.0173183706753	0.00997941987341	0.00508678600551	0.0132023453578	0.00446549916515	0.0132411757853	0.00656234225139	0.00361122975964	0.0129305323652	0.00990175901837
k__Bacteria;p__Firmicutes;c__Bacilli;o__Lactobacillales;f__Lactobacillaceae;g__Lactobacillus;s__manihotivorans	0.0	0.0	0.0	0.0	0.0	0.0	0.0	0.0	0.0	0.0	0.0	0.0	0.000155321710092	0.0	0.0	0.0	0.0	0.0	0.0	0.0	0.0	0.0	0.0	0.0	0.0	0.0	0.0
k__Bacteria;p__Firmicutes;c__Bacilli;o__Lactobacillales;f__Lactobacillaceae;g__Lactobacillus;s__reuteri	0.00244631693395	0.000815438977983	0.00104842154312	0.000310643420184	0.000232982565138	0.00155321710092	0.00147555624587	0.0010095911156	0.00147555624587	0.0015143866734	0.00221333436881	0.00170853881101	0.000582456412845	0.00322292548441	0.00124257368074	0.00116491282569	0.00077660855046	0.00205801265872	0.000621286840368	0.000427134702753	0.00166970838349	0.000465965130276	0.00225216479633	0.000271812992661	0.000427134702753	0.000970760688075	0.000931930260552
k__Bacteria;p__Firmicutes;c__Bacilli;o__Lactobacillales;f__Lactobacillaceae;g__Lactobacillus;s__zeae	0.0	0.0	0.0	0.0	0.0	0.0	0.0	0.0	0.0	0.0	0.0	0.0	0.0	0.0	7.7660855046e-05	0.0	0.0	0.0	0.0	0.0	0.0	0.0	0.0	0.0	0.0	0.0	0.0
k__Bacteria;p__Firmicutes;c__Bacilli;o__Lactobacillales;f__Leuconostocaceae;g__;s__	0.0	0.0	0.0	3.8830427523e-05	0.0	0.0	3.8830427523e-05	7.7660855046e-05	0.0	0.0	0.0	0.0	0.0	0.0	0.0	0.0	0.0	0.0	0.0	0.0	0.0	0.0	0.0	0.0	0.0	3.8830427523e-05	3.8830427523e-05
k__Bacteria;p__Firmicutes;c__Bacilli;o__Lactobacillales;f__Leuconostocaceae;g__Leuconostoc;s__	0.0	0.0	0.0	3.8830427523e-05	0.0	0.0	0.0	0.0	0.0	3.8830427523e-05	0.0	0.0	0.0	0.0	0.0	0.0	0.0	0.0	0.0	0.0	0.0	0.0	7.7660855046e-05	0.0	0.0	0.0	0.0
k__Bacteria;p__Firmicutes;c__Bacilli;o__Lactobacillales;f__Leuconostocaceae;g__Leuconostoc;s__mesenteroides	3.8830427523e-05	0.0	0.0	7.7660855046e-05	0.0	0.000116491282569	7.7660855046e-05	3.8830427523e-05	0.0	3.8830427523e-05	0.0	3.8830427523e-05	0.0	0.0	0.0	0.0	0.0	3.8830427523e-05	0.000116491282569	3.8830427523e-05	0.0	0.0	0.0	0.0	0.0	0.0	0.0
k__Bacteria;p__Firmicutes;c__Bacilli;o__Lactobacillales;f__Leuconostocaceae;g__Weissella;Other	3.8830427523e-05	0.0	0.0	0.0	3.8830427523e-05	7.7660855046e-05	0.000116491282569	0.0	0.0	3.8830427523e-05	0.0	0.0	0.0	0.0	0.0	0.0	0.0	3.8830427523e-05	0.0	0.0	0.0	0.0	0.0	0.0	0.0	0.0	0.0
k__Bacteria;p__Firmicutes;c__Bacilli;o__Lactobacillales;f__Streptococcaceae;g__Lactococcus;s__	0.000232982565138	0.0	7.7660855046e-05	0.000116491282569	7.7660855046e-05	3.8830427523e-05	0.000116491282569	0.000155321710092	0.0	3.8830427523e-05	3.8830427523e-05	7.7660855046e-05	0.0	0.0	3.8830427523e-05	0.000194152137615	0.000116491282569	3.8830427523e-05	3.8830427523e-05	7.7660855046e-05	0.0	0.000155321710092	0.0	0.0	0.0	0.0	7.7660855046e-05
k__Bacteria;p__Firmicutes;c__Bacilli;o__Lactobacillales;f__Streptococcaceae;g__Streptococcus;s__	0.000465965130276	0.000116491282569	0.000155321710092	0.00132023453578	0.00038830427523	0.00077660855046	0.000427134702753	0.000698947695414	0.0010095911156	0.000427134702753	0.000504795557799	0.00038830427523	3.8830427523e-05	0.000465965130276	0.000660117267891	0.000465965130276	7.7660855046e-05	0.00038830427523	0.000271812992661	0.000349473847707	0.000271812992661	0.000116491282569	0.000232982565138	0.000116491282569	7.7660855046e-05	7.7660855046e-05	0.000116491282569
k__Bacteria;p__Firmicutes;c__Bacilli;o__Turicibacterales;f__Turicibacteraceae;g__Turicibacter;s__	0.0	0.0	0.0	0.0	0.0	0.0	0.0	0.0	0.0	0.0	0.0	3.8830427523e-05	0.0	0.0	0.0	3.8830427523e-05	0.0	0.0	0.0	0.0	0.0	0.0	0.0	0.0	7.7660855046e-05	3.8830427523e-05	7.7660855046e-05
k__Bacteria;p__Firmicutes;c__Clostridia;o__;f__;g__;s__	0.0	0.0	0.0	0.0	3.8830427523e-05	3.8830427523e-05	0.0	0.0	0.0	0.0	0.0	0.0	0.0	0.0	0.0	0.0	0.0	0.0	0.0	0.0	0.0	0.0	0.0	0.0	0.0	0.0	0.0
k__Bacteria;p__Firmicutes;c__Clostridia;o__Clostridiales;Other;Other;Other	0.0	0.000194152137615	3.8830427523e-05	0.0	0.0	3.8830427523e-05	7.7660855046e-05	0.0	0.0	3.8830427523e-05	0.0	0.0	7.7660855046e-05	0.0	7.7660855046e-05	0.0	0.000116491282569	0.0	0.000271812992661	0.000271812992661	7.7660855046e-05	0.000116491282569	0.000155321710092	0.000116491282569	3.8830427523e-05	0.000155321710092	7.7660855046e-05
k__Bacteria;p__Firmicutes;c__Clostridia;o__Clostridiales;f__;g__;s__	0.0269094862734	0.0884945443249	0.0753698598222	0.081893371646	0.132761231701	0.0446161612239	0.0418592008698	0.148992350406	0.0275307731138	0.134120296664	0.348231274026	0.36213256708	0.0575855240166	0.228322913835	0.224245718945	0.352580281909	0.224478701511	0.357705898342	0.0823205063488	0.0204636353046	0.0502854036423	0.0498582689395	0.0414708965946	0.0779714984662	0.0851939579855	0.123286607386	0.0670213179047
k__Bacteria;p__Firmicutes;c__Clostridia;o__Clostridiales;f__Christensenellaceae;g__;s__	0.00108725197064	0.000465965130276	0.000232982565138	0.00178619966606	0.0010095911156	0.000232982565138	0.000232982565138	0.000582456412845	0.000621286840368	0.000194152137615	0.000660117267891	0.000504795557799	0.000427134702753	0.00038830427523	0.00108725197064	0.00077660855046	0.000271812992661	0.000543625985322	0.000737778122937	0.000660117267891	0.000543625985322	0.000582456412845	0.000155321710092	0.000543625985322	0.000660117267891	0.000349473847707	0.000582456412845
k__Bacteria;p__Firmicutes;c__Clostridia;o__Clostridiales;f__Christensenellaceae;g__Christensenella;s__	0.0010095911156	0.00132023453578	0.000465965130276	0.00166970838349	0.000465965130276	0.000698947695414	0.000465965130276	0.00225216479633	0.00116491282569	0.00271812992661	0.000310643420184	0.00120374325321	0.000854269405506	0.002523977789	0.000621286840368	0.000543625985322	0.00182503009358	0.000815438977983	0.000543625985322	0.000621286840368	0.00132023453578	0.00166970838349	0.00271812992661	0.00132023453578	0.00132023453578	0.00135906496331	0.0018638605211
k__Bacteria;p__Firmicutes;c__Clostridia;o__Clostridiales;f__Clostridiaceae;Other;Other	0.0	0.0	0.0	0.0	0.0	0.0	0.0	0.0	0.0	0.0	0.0	0.0	0.0	0.0	0.0	3.8830427523e-05	0.0	0.0	0.0	0.0	0.0	3.8830427523e-05	0.0	0.0	0.0	0.0	0.0
k__Bacteria;p__Firmicutes;c__Clostridia;o__Clostridiales;f__Clostridiaceae;g__;s__	0.00500912515047	0.00267929949909	0.00116491282569	0.00741661165689	0.00260163864404	0.00563041199084	0.00326175591193	0.0064070205413	0.00353356890459	0.00722245951928	0.0112608239817	0.00858152448258	0.00264046907156	0.010911350134	0.00803789849726	0.0113773152642	0.00664000310643	0.00644585096882	0.00500912515047	0.00520327728808	0.00559158156331	0.0144837494661	0.00531976857065	0.00302877334679	0.00190269094863	0.00283462120918	0.00302877334679
k__Bacteria;p__Firmicutes;c__Clostridia;o__Clostridiales;f__Clostridiaceae;g__Caloramator;s__	0.0	3.8830427523e-05	0.0	0.0	0.000737778122937	0.0	0.0	0.0	0.0	0.0	0.0	0.0	0.0	0.0	0.0	0.0	0.0	0.0	0.0	0.0	0.0	0.0	0.0	0.0	0.0	0.0	0.0
k__Bacteria;p__Firmicutes;c__Clostridia;o__Clostridiales;f__Clostridiaceae;g__Clostridium;s__	0.000194152137615	0.0	0.0	0.000155321710092	0.0	7.7660855046e-05	3.8830427523e-05	3.8830427523e-05	3.8830427523e-05	3.8830427523e-05	0.0	0.000116491282569	7.7660855046e-05	0.000194152137615	7.7660855046e-05	3.8830427523e-05	7.7660855046e-05	7.7660855046e-05	7.7660855046e-05	3.8830427523e-05	3.8830427523e-05	0.0	7.7660855046e-05	0.0	0.0	3.8830427523e-05	0.0
k__Bacteria;p__Firmicutes;c__Clostridia;o__Clostridiales;f__Clostridiaceae;g__Clostridium;s__perfringens	0.00116491282569	0.000232982565138	3.8830427523e-05	0.000310643420184	7.7660855046e-05	0.000504795557799	0.000349473847707	7.7660855046e-05	0.000271812992661	0.000465965130276	0.000737778122937	0.000427134702753	3.8830427523e-05	0.00194152137615	0.000660117267891	0.000271812992661	0.000271812992661	0.000698947695414	0.0	0.0	0.0	0.0	0.000116491282569	0.0	0.0	0.0	0.0
k__Bacteria;p__Firmicutes;c__Clostridia;o__Clostridiales;f__Dehalobacteriaceae;g__Dehalobacterium;s__	0.000931930260552	0.00244631693395	0.00128140410826	0.00116491282569	0.00353356890459	0.00159204752844	0.000854269405506	0.000504795557799	0.00132023453578	0.00326175591193	0.000271812992661	0.00077660855046	0.00135906496331	0.00139789539083	0.000970760688075	0.000232982565138	0.00205801265872	0.000931930260552	0.00260163864404	0.000815438977983	0.0033782471945	0.00283462120918	0.00147555624587	0.00108725197064	0.00143672581835	0.00128140410826	0.00159204752844
k__Bacteria;p__Firmicutes;c__Clostridia;o__Clostridiales;f__Eubacteriaceae;g__Anaerofustis;s__	0.0	0.0	0.0	0.0	0.0	3.8830427523e-05	0.0	0.0	0.0	0.0	0.0	0.0	0.0	0.0	0.0	0.0	0.0	0.0	0.0	0.0	0.0	0.000116491282569	0.0	0.0	0.0	0.0	0.0
k__Bacteria;p__Firmicutes;c__Clostridia;o__Clostridiales;f__Lachnospiraceae;Other;Other	7.7660855046e-05	0.000427134702753	0.0010095911156	7.7660855046e-05	0.000155321710092	0.000116491282569	0.000116491282569	0.000155321710092	0.000116491282569	0.00038830427523	7.7660855046e-05	3.8830427523e-05	0.000349473847707	0.000155321710092	0.000194152137615	0.0	0.000310643420184	7.7660855046e-05	0.000232982565138	0.000116491282569	0.00077660855046	0.000349473847707	0.000427134702753	0.000660117267891	0.000543625985322	0.000582456412845	0.000854269405506
k__Bacteria;p__Firmicutes;c__Clostridia;o__Clostridiales;f__Lachnospiraceae;g__;s__	0.0124645672349	0.0365394322991	0.0339377936551	0.0233370869413	0.0325010678368	0.0173960315303	0.0213179047101	0.0165029316973	0.0191434007688	0.0529647031414	0.00434900788258	0.00788257678717	0.0259387255854	0.018560944356	0.0111831631266	0.00500912515047	0.048926338679	0.0110666718441	0.0160757969945	0.00500912515047	0.0214343959927	0.0125033976624	0.0221333436881	0.0747485729818	0.0499359297946	0.0197258571817	0.034597910923
k__Bacteria;p__Firmicutes;c__Clostridia;o__Clostridiales;f__Lachnospiraceae;g__Anaerostipes;s__	0.0	0.0	0.0	0.000310643420184	0.0	0.000194152137615	0.0	0.0	0.0	0.000116491282569	0.0	0.0	0.00139789539083	0.0	3.8830427523e-05	0.000465965130276	0.000465965130276	0.0	0.0	0.0	0.0	0.0	0.0	0.0	0.0	0.0	0.0
k__Bacteria;p__Firmicutes;c__Clostridia;o__Clostridiales;f__Lachnospiraceae;g__Blautia;s__	0.0	0.0	0.0	3.8830427523e-05	0.0	3.8830427523e-05	0.0	0.0	0.0	0.0	0.0	0.0	0.0	0.0	0.0	0.0	0.0	0.0	0.0	0.0	7.7660855046e-05	0.0	0.0	0.0	3.8830427523e-05	0.0	0.0
k__Bacteria;p__Firmicutes;c__Clostridia;o__Clostridiales;f__Lachnospiraceae;g__Coprococcus;s__	0.000970760688075	0.00357239933212	0.00446549916515	0.00291228206423	0.00419368617248	0.00248514736147	0.00194152137615	0.00132023453578	0.00174736923854	0.00664000310643	0.0010095911156	0.00178619966606	0.00232982565138	0.00528093814313	0.00302877334679	0.000931930260552	0.00403836446239	0.00225216479633	0.00298994291927	0.00104842154312	0.0038830427523	0.00295111249175	0.00260163864404	0.00411602531744	0.00586339455597	0.00497029472294	0.00330058633946
k__Bacteria;p__Firmicutes;c__Clostridia;o__Clostridiales;f__Lachnospiraceae;g__Dorea;s__	0.000155321710092	0.000582456412845	0.000232982565138	0.00038830427523	0.000582456412845	7.7660855046e-05	0.000116491282569	0.000271812992661	0.000271812992661	0.000854269405506	0.000660117267891	0.00112608239817	0.000194152137615	0.00139789539083	0.000349473847707	0.000465965130276	0.000660117267891	0.000931930260552	7.7660855046e-05	7.7660855046e-05	0.000621286840368	0.00038830427523	0.000310643420184	0.000504795557799	0.000427134702753	0.000504795557799	0.000621286840368
k__Bacteria;p__Firmicutes;c__Clostridia;o__Clostridiales;f__Lachnospiraceae;g__Roseburia;s__	0.000465965130276	0.0	0.0	0.000155321710092	0.00108725197064	7.7660855046e-05	0.000155321710092	0.000116491282569	0.000116491282569	0.0	0.0	0.0	3.8830427523e-05	0.000116491282569	0.000582456412845	0.000194152137615	0.0	0.000271812992661	3.8830427523e-05	0.000116491282569	0.000194152137615	0.00128140410826	0.000194152137615	0.000504795557799	0.00205801265872	0.000349473847707	3.8830427523e-05
k__Bacteria;p__Firmicutes;c__Clostridia;o__Clostridiales;f__Lachnospiraceae;g__[Ruminococcus];Other	0.0	0.0	0.0	0.0	0.0	0.0	0.0	0.0	0.0	3.8830427523e-05	0.0	0.0	0.0	0.0	0.0	0.0	0.0	0.0	0.0	0.0	0.0	0.0	0.0	3.8830427523e-05	0.0	0.0	0.0
k__Bacteria;p__Firmicutes;c__Clostridia;o__Clostridiales;f__Lachnospiraceae;g__[Ruminococcus];s__gnavus	0.00380538189725	0.00512561643304	0.00904748961286	0.00749427251194	0.0123480759523	0.002523977789	0.00687298567157	0.00349473847707	0.00279579078166	0.00605754669359	0.00205801265872	0.00306760377432	0.0048926338679	0.0082708810624	0.00667883353396	0.00264046907156	0.00365006018716	0.00419368617248	0.00737778122937	0.00182503009358	0.00555275113579	0.00295111249175	0.0043878383101	0.00570807284588	0.00427134702753	0.00881450704772	0.00376655146973
k__Bacteria;p__Firmicutes;c__Clostridia;o__Clostridiales;f__Peptococcaceae;g__;s__	0.000155321710092	0.000854269405506	0.0	0.000660117267891	0.000970760688075	0.000427134702753	0.000155321710092	0.000349473847707	3.8830427523e-05	0.000504795557799	0.000310643420184	0.000232982565138	0.0	0.000232982565138	0.000349473847707	0.000232982565138	0.000271812992661	0.00128140410826	7.7660855046e-05	3.8830427523e-05	0.00116491282569	0.000582456412845	0.000737778122937	0.000582456412845	0.000427134702753	3.8830427523e-05	0.000465965130276
k__Bacteria;p__Firmicutes;c__Clostridia;o__Clostridiales;f__Peptostreptococcaceae;g__;s__	0.000543625985322	0.000931930260552	0.0	7.7660855046e-05	0.0	0.000116491282569	0.000349473847707	0.000271812992661	0.0	0.000116491282569	0.000582456412845	0.000427134702753	0.0	0.000116491282569	0.000310643420184	0.000660117267891	0.0	0.000310643420184	0.00582456412845	0.00714479866423	0.00365006018716	0.00419368617248	0.00617403797616	0.00271812992661	0.000854269405506	0.00415485574496	0.00485380344038
k__Bacteria;p__Firmicutes;c__Clostridia;o__Clostridiales;f__Ruminococcaceae;Other;Other	0.000931930260552	0.00384421232478	0.00842620277249	0.00190269094863	0.00434900788258	0.00170853881101	0.00194152137615	0.000815438977983	0.00120374325321	0.00326175591193	0.00112608239817	0.00128140410826	0.00399953403487	0.00229099522386	0.00198035180367	0.000504795557799	0.00357239933212	0.00205801265872	0.00302877334679	0.000893099833029	0.00267929949909	0.00217450394129	0.00174736923854	0.00353356890459	0.00423251660001	0.00574690327341	0.00166970838349
k__Bacteria;p__Firmicutes;c__Clostridia;o__Clostridiales;f__Ruminococcaceae;g__;s__	0.0197258571817	0.0547509028074	0.0387139362404	0.0573525414515	0.0774278724809	0.0365006018716	0.0272201296936	0.0333553372423	0.0237253912166	0.0739719644313	0.0166970838349	0.0442666873762	0.0384032928203	0.0356463324661	0.0444220090863	0.0173572011028	0.0630217838698	0.0469071564478	0.0572360501689	0.0191045703413	0.0440337048111	0.0457422436221	0.0562652894808	0.0764959422203	0.0671378091873	0.0916398089543	0.0493923038093
k__Bacteria;p__Firmicutes;c__Clostridia;o__Clostridiales;f__Ruminococcaceae;g__Anaerotruncus;s__	3.8830427523e-05	0.0	3.8830427523e-05	0.000116491282569	0.000155321710092	3.8830427523e-05	0.000232982565138	3.8830427523e-05	7.7660855046e-05	0.000271812992661	0.0	3.8830427523e-05	7.7660855046e-05	0.000155321710092	0.000194152137615	3.8830427523e-05	0.000116491282569	0.0	7.7660855046e-05	3.8830427523e-05	3.8830427523e-05	0.0	7.7660855046e-05	0.000232982565138	0.000582456412845	0.000504795557799	0.0
k__Bacteria;p__Firmicutes;c__Clostridia;o__Clostridiales;f__Ruminococcaceae;g__Oscillospira;s__	0.0292393119248	0.0986292859084	0.0590610802625	0.0486933561139	0.0735448297286	0.0512173339028	0.0318021201413	0.0316079680037	0.0265988428533	0.0336659806624	0.0275307731138	0.0295887857725	0.0357239933212	0.0241525259193	0.0514114860405	0.0207742787248	0.0314138158661	0.041432066167	0.0500912515047	0.0177066749505	0.0511785034753	0.0504795557799	0.0402283229138	0.0655069312313	0.0824758280589	0.0982798120607	0.0465965130276
k__Bacteria;p__Firmicutes;c__Clostridia;o__Clostridiales;f__Ruminococcaceae;g__Ruminococcus;s__	0.00205801265872	0.00563041199084	0.0124257368074	0.00617403797616	0.0128140410826	0.00271812992661	0.00376655146973	0.00217450394129	0.00159204752844	0.00609637712111	0.000931930260552	0.00271812992661	0.0072612899468	0.00314526462936	0.00240748650643	0.00132023453578	0.00543625985322	0.00419368617248	0.00807672892479	0.00240748650643	0.0132023453578	0.00609637712111	0.0146002407487	0.0163476099872	0.0109501805615	0.0185997747835	0.0104842154312
k__Bacteria;p__Firmicutes;c__Clostridia;o__Clostridiales;f__Ruminococcaceae;g__Ruminococcus;s__flavefaciens	0.0	0.0	0.0	0.0	0.0	0.0	0.0	0.0	3.8830427523e-05	0.0	0.0	0.0	0.0	0.0	0.0	0.0	0.0	0.0	0.0	0.0	0.0	0.0	0.0	0.0	0.0	0.0	0.000349473847707
k__Bacteria;p__Firmicutes;c__Clostridia;o__Clostridiales;f__Veillonellaceae;g__Megasphaera;s__	0.0	0.0	0.0	0.0	0.0	0.0	0.0	0.0	0.0	0.0	0.0	0.0	3.8830427523e-05	0.0	0.0	0.0	0.0	0.0	0.0	0.0	0.0	0.0	0.0	0.0	0.0	0.0	0.0
k__Bacteria;p__Firmicutes;c__Clostridia;o__Clostridiales;f__Veillonellaceae;g__Veillonella;s__dispar	0.000660117267891	0.0	0.0	0.000660117267891	0.000194152137615	0.000271812992661	0.0	7.7660855046e-05	0.0	7.7660855046e-05	0.000155321710092	0.0	0.0	0.0	0.000310643420184	0.000116491282569	0.0	0.000465965130276	7.7660855046e-05	0.000854269405506	0.000232982565138	0.00163087795597	0.000155321710092	0.0	0.0	0.0	0.000116491282569
k__Bacteria;p__Firmicutes;c__Clostridia;o__Clostridiales;f__Veillonellaceae;g__Veillonella;s__parvula	0.0	0.0	0.0	0.0	0.0	3.8830427523e-05	0.0	0.0	0.0	0.0	3.8830427523e-05	0.0	0.0	0.0	3.8830427523e-05	0.0	0.0	0.0	0.0	0.0	0.0	0.0	0.0	0.0	0.0	0.0	3.8830427523e-05
k__Bacteria;p__Firmicutes;c__Clostridia;o__Clostridiales;f__[Mogibacteriaceae];g__;s__	0.000582456412845	0.000621286840368	0.000970760688075	0.00124257368074	0.000504795557799	0.000698947695414	0.000310643420184	0.000232982565138	0.000737778122937	0.00112608239817	0.000310643420184	0.000970760688075	0.00139789539083	0.000465965130276	0.000737778122937	0.00077660855046	0.000582456412845	0.000660117267891	0.000737778122937	0.000232982565138	0.000621286840368	0.000582456412845	0.000660117267891	0.00139789539083	0.000931930260552	0.000931930260552	0.000582456412845
k__Bacteria;p__Firmicutes;c__Clostridia;o__Clostridiales;f__[Tissierellaceae];g__;s__	0.0	0.0	0.0	0.0	3.8830427523e-05	0.0	0.0	0.0	0.0	0.0	0.0	0.0	0.0	0.0	0.0	0.0	0.0	0.0	0.0	0.0	0.0	0.0	0.0	0.0	0.0	0.0	0.0
k__Bacteria;p__Firmicutes;c__Clostridia;o__Clostridiales;f__[Tissierellaceae];g__Helcococcus;s__	0.0	0.0	0.0	0.0	3.8830427523e-05	0.0	0.0	0.0	0.0	0.0	0.0	0.0	0.0	0.0	0.0	0.0	0.0	0.0	0.0	0.0	0.0	0.0	0.0	0.0	0.0	0.0	0.0
k__Bacteria;p__Firmicutes;c__Clostridia;o__Clostridiales;f__[Tissierellaceae];g__Sporanaerobacter;s__	0.0	0.0	0.0	0.0	0.000310643420184	0.0	0.0	0.0	0.0	0.0	0.0	0.0	0.0	0.0	0.0	0.0	0.0	0.0	0.0	0.0	0.0	0.0	0.0	0.0	0.0	0.0	0.0
k__Bacteria;p__Firmicutes;c__Clostridia;o__Clostridiales;f__[Tissierellaceae];g__Tepidimicrobium;s__	0.0	0.0	0.0	0.0	0.000232982565138	0.0	0.0	0.0	0.0	0.0	0.0	0.0	0.0	0.0	0.0	0.0	0.0	0.0	0.0	0.0	0.0	0.0	0.0	0.0	0.0	0.0	0.0
k__Bacteria;p__Firmicutes;c__Clostridia;o__Natranaerobiales;f__Anaerobrancaceae;g__;s__	0.0	0.0	0.0	0.0	7.7660855046e-05	0.0	0.0	0.0	0.0	0.0	0.0	0.0	0.0	0.0	0.0	0.0	0.0	0.0	0.0	0.0	0.0	0.0	0.0	0.0	0.0	0.0	0.0
k__Bacteria;p__Firmicutes;c__Clostridia;o__SHA-98;f__;g__;s__	0.0	0.0	0.0	0.000194152137615	0.000232982565138	3.8830427523e-05	3.8830427523e-05	0.0	0.0	0.0	0.000116491282569	0.000116491282569	0.0	0.0	0.000116491282569	7.7660855046e-05	0.0	0.000194152137615	3.8830427523e-05	0.000116491282569	0.0	3.8830427523e-05	0.0	0.0	0.0	0.0	0.0
k__Bacteria;p__Firmicutes;c__Erysipelotrichi;o__Erysipelotrichales;f__Erysipelotrichaceae;g__;s__	7.7660855046e-05	0.000194152137615	3.8830427523e-05	0.000582456412845	0.000232982565138	0.000427134702753	0.000155321710092	0.000232982565138	0.000232982565138	0.000310643420184	0.000349473847707	0.000271812992661	0.000116491282569	0.000232982565138	0.000504795557799	0.00104842154312	0.000271812992661	0.000194152137615	0.000427134702753	0.000698947695414	0.000232982565138	0.000271812992661	0.000349473847707	0.000116491282569	0.000116491282569	3.8830427523e-05	0.000310643420184
k__Bacteria;p__Firmicutes;c__Erysipelotrichi;o__Erysipelotrichales;f__Erysipelotrichaceae;g__Allobaculum;s__	0.152137615035	0.0738166427212	0.107948588514	0.104104376189	0.0275696035413	0.145575272784	0.112025783404	0.108802857919	0.236943268745	0.0541684463946	0.050557216635	0.0863588708112	0.129460645362	0.138081000272	0.0959888168369	0.034675571778	0.0661282180717	0.0377431755524	0.0798741894148	0.0770783986332	0.154778084107	0.0982021512057	0.179513066439	0.0503630644973	0.0732730167359	0.0368889061469	0.0701665825341
k__Bacteria;p__Firmicutes;c__Erysipelotrichi;o__Erysipelotrichales;f__Erysipelotrichaceae;g__Coprobacillus;s__	0.0	0.0	0.0	0.0	0.0	0.0	0.0	0.0	0.0	0.0	0.0	0.0	0.0	0.0	0.0	0.0	0.0	0.0	0.0	3.8830427523e-05	0.0	0.0	0.0	0.0	0.0	0.0	0.0
k__Bacteria;p__GAL15;c__;o__;f__;g__;s__	7.7660855046e-05	0.0	0.0	0.0	0.0	0.0	0.0	0.0	0.0	0.0	0.0	0.0	0.0	0.0	0.0	0.0	0.0	0.0	0.0	0.0	0.0	0.0	0.0	0.0	0.0	0.0	0.0
k__Bacteria;p__OD1;c__ZB2;o__;f__;g__;s__	0.0	0.0	0.0	0.0	0.0	0.0	0.0	0.0	0.0	0.0	0.0	0.0	3.8830427523e-05	0.0	3.8830427523e-05	0.0	0.0	0.0	0.0	0.0	0.0	0.0	0.0	0.0	0.0	0.0	0.0
k__Bacteria;p__Proteobacteria;c__Alphaproteobacteria;o__;f__;g__;s__	3.8830427523e-05	0.0	0.000194152137615	0.0	7.7660855046e-05	0.0	3.8830427523e-05	7.7660855046e-05	0.0	0.0	0.0	0.0	0.0	0.0	7.7660855046e-05	0.0	0.0	3.8830427523e-05	0.000155321710092	0.0	0.0	7.7660855046e-05	0.0	0.0	0.0	7.7660855046e-05	3.8830427523e-05
k__Bacteria;p__Proteobacteria;c__Alphaproteobacteria;o__RF32;f__;g__;s__	0.0	3.8830427523e-05	0.0	0.000232982565138	0.00124257368074	3.8830427523e-05	3.8830427523e-05	0.000116491282569	0.0	0.0	3.8830427523e-05	0.0	0.0	0.0	0.0	0.0	0.0	0.0	0.000155321710092	0.0	0.0	0.0	0.0	0.0	0.0	0.0	0.0
k__Bacteria;p__Proteobacteria;c__Alphaproteobacteria;o__Rhizobiales;f__Bradyrhizobiaceae;g__;s__	3.8830427523e-05	0.0	0.0	0.0	0.0	0.0	0.0	0.0	0.0	0.0	0.0	0.0	0.0	3.8830427523e-05	0.0	0.0	0.0	0.0	0.0	0.0	0.0	0.0	0.0	0.0	0.0	0.0	0.0
k__Bacteria;p__Proteobacteria;c__Alphaproteobacteria;o__Rhizobiales;f__Brucellaceae;g__Ochrobactrum;s__	0.0	0.0	0.0	0.0	0.0	0.0	0.0	7.7660855046e-05	0.0	0.0	0.0	0.0	0.0	0.0	0.0	0.0	0.0	0.0	0.0	0.0	0.0	0.0	0.0	0.0	0.0	0.0	0.0
k__Bacteria;p__Proteobacteria;c__Alphaproteobacteria;o__Rhodospirillales;f__Rhodospirillaceae;g__;s__	3.8830427523e-05	0.0	0.0	0.0	0.0	0.0	0.0	0.0	0.0	0.0	0.0	3.8830427523e-05	0.0	3.8830427523e-05	0.0	0.0	0.0	0.0	0.0	0.0	3.8830427523e-05	0.0	0.0	0.0	0.0	0.0	0.0
k__Bacteria;p__Proteobacteria;c__Alphaproteobacteria;o__Rickettsiales;f__mitochondria;Other;Other	0.0	3.8830427523e-05	3.8830427523e-05	0.0	0.0	3.8830427523e-05	3.8830427523e-05	0.0	0.0	0.0	0.0	0.0	0.0	0.0	0.0	0.0	0.0	0.0	3.8830427523e-05	0.0	0.0	0.0	7.7660855046e-05	0.0	0.0	0.0	0.0
k__Bacteria;p__Proteobacteria;c__Alphaproteobacteria;o__Sphingomonadales;f__Sphingomonadaceae;g__Sphingomonas;Other	0.000116491282569	0.0	0.0	0.0	0.0	0.0	0.0	0.0	0.0	0.0	0.0	0.0	0.0	0.0	0.0	0.0	0.0	0.0	0.0	0.0	0.0	0.0	0.0	0.0	0.0	0.0	0.0
k__Bacteria;p__Proteobacteria;c__Betaproteobacteria;Other;Other;Other;Other	0.0	0.0	0.0	0.0	0.0	0.0	0.0	0.0	0.0	3.8830427523e-05	3.8830427523e-05	0.0	0.0	0.0	0.0	0.0	0.0	0.0	0.0	0.0	0.0	0.0	0.0	0.0	0.0	0.0	0.0
k__Bacteria;p__Proteobacteria;c__Betaproteobacteria;o__Burkholderiales;f__Alcaligenaceae;g__Oligella;s__	0.0	0.0	0.0	0.0	3.8830427523e-05	0.0	0.0	0.0	0.0	0.0	0.0	0.0	0.0	0.0	0.0	0.0	0.0	0.0	0.0	0.0	0.0	0.0	0.0	0.0	0.0	0.0	0.0
k__Bacteria;p__Proteobacteria;c__Betaproteobacteria;o__Burkholderiales;f__Alcaligenaceae;g__Sutterella;s__	0.0286180250845	0.00333941676698	0.0018638605211	0.00520327728808	0.00349473847707	0.00298994291927	0.018483283501	0.00143672581835	0.0130470236477	0.000271812992661	0.00617403797616	0.00302877334679	0.00974643730827	0.00248514736147	0.0201141614569	0.00209684308624	0.0010095911156	0.00318409505689	0.0179008270881	0.0198423484643	0.0176290140954	0.012619888945	0.0179784879432	0.00190269094863	0.00155321710092	0.000543625985322	0.002523977789
k__Bacteria;p__Proteobacteria;c__Betaproteobacteria;o__Burkholderiales;f__Comamonadaceae;Other;Other	0.0	0.0	0.0	0.0	0.0	0.0	0.0	0.0	0.0	0.0	3.8830427523e-05	0.0	0.0	3.8830427523e-05	0.0	0.0	0.0	0.0	0.0	0.0	0.0	0.0	0.0	0.0	0.0	0.0	0.0
k__Bacteria;p__Proteobacteria;c__Betaproteobacteria;o__Burkholderiales;f__Comamonadaceae;g__Comamonas;s__	0.0	0.0	3.8830427523e-05	0.0	0.0	0.0	0.0	0.000116491282569	0.0	0.0	0.0	0.0	0.0	0.0	0.0	0.0	0.0	0.0	0.0	0.0	0.0	0.0	0.0	0.0	0.0	0.0	0.0
k__Bacteria;p__Proteobacteria;c__Betaproteobacteria;o__Rhodocyclales;f__Rhodocyclaceae;g__Zoogloea;s__	0.0	0.0	0.0	0.0	0.0	0.0	0.0	0.0	0.0	7.7660855046e-05	0.0	0.0	0.0	0.0	0.0	0.0	0.0	0.0	0.0	0.0	0.0	0.0	0.0	0.0	0.0	0.0	0.0
k__Bacteria;p__Proteobacteria;c__Deltaproteobacteria;o__Desulfovibrionales;f__Desulfovibrionaceae;Other;Other	3.8830427523e-05	0.000621286840368	0.000155321710092	0.000194152137615	0.000504795557799	3.8830427523e-05	7.7660855046e-05	0.0	0.0	0.000155321710092	0.0	0.000116491282569	0.000116491282569	3.8830427523e-05	7.7660855046e-05	0.0	0.0	7.7660855046e-05	7.7660855046e-05	3.8830427523e-05	0.000660117267891	0.000349473847707	0.000116491282569	0.000465965130276	0.000232982565138	0.000465965130276	0.000194152137615
k__Bacteria;p__Proteobacteria;c__Deltaproteobacteria;o__Desulfovibrionales;f__Desulfovibrionaceae;g__;s__	0.039723527356	0.132139944861	0.0370053974294	0.0402671533414	0.104609171747	0.0135518192055	0.0283462120918	0.0195317050441	0.0402671533414	0.145264629364	0.00896982875781	0.0144837494661	0.0333165068147	0.0967654253873	0.0357628237487	0.00819322020735	0.184910495865	0.0386751058129	0.0314526462936	0.0316467984313	0.12588824603	0.0634489185726	0.0777385159011	0.103444258921	0.178697627461	0.155904166505	0.136527783171
k__Bacteria;p__Proteobacteria;c__Deltaproteobacteria;o__Desulfovibrionales;f__Desulfovibrionaceae;g__Bilophila;s__	3.8830427523e-05	0.0	0.0	0.0	0.0	0.0	0.0	3.8830427523e-05	0.0	3.8830427523e-05	0.0	0.000116491282569	0.0	0.0	0.0	0.0	0.000155321710092	3.8830427523e-05	0.0	0.0	0.0	0.0	0.0	0.0	0.000116491282569	0.0	0.000232982565138
k__Bacteria;p__Proteobacteria;c__Deltaproteobacteria;o__Desulfovibrionales;f__Desulfovibrionaceae;g__Desulfovibrio;s__	0.00683415524405	0.0170077272551	0.0333553372423	0.00652351182387	0.00924164175048	0.00431017745505	0.00392187317982	0.00531976857065	0.00764959422203	0.024424338912	0.00124257368074	0.00830971148992	0.0275696035413	0.0269871471285	0.00283462120918	0.00295111249175	0.0278802469615	0.00648468139634	0.00986292859084	0.00819322020735	0.0112996544092	0.0180949792257	0.0238418824991	0.0668271657671	0.0556440026405	0.0816603890809	0.0423251660001
k__Bacteria;p__Proteobacteria;c__Epsilonproteobacteria;o__Campylobacterales;f__Campylobacteraceae;g__Arcobacter;s__	0.0	0.0	0.0	0.0	0.0	0.0	0.0	0.0	0.0	0.000116491282569	0.0	0.0	0.0	0.0	0.0	0.0	0.0	0.0	0.0	0.0	0.0	0.0	0.0	0.0	0.0	0.0	0.0
k__Bacteria;p__Proteobacteria;c__Epsilonproteobacteria;o__Campylobacterales;f__Helicobacteraceae;Other;Other	0.0	7.7660855046e-05	0.0	7.7660855046e-05	3.8830427523e-05	0.0	0.000349473847707	3.8830427523e-05	0.000232982565138	0.0	3.8830427523e-05	0.000116491282569	0.0	0.0	0.000116491282569	0.0	0.0	0.000194152137615	0.000116491282569	3.8830427523e-05	0.0	0.000116491282569	0.0	7.7660855046e-05	0.0	0.0	7.7660855046e-05
k__Bacteria;p__Proteobacteria;c__Epsilonproteobacteria;o__Campylobacterales;f__Helicobacteraceae;g__;s__	7.7660855046e-05	0.000737778122937	0.00170853881101	0.000194152137615	0.000970760688075	0.000660117267891	0.0018638605211	0.000116491282569	0.000116491282569	0.00128140410826	0.0	0.000194152137615	0.00120374325321	0.0	0.000155321710092	0.0	3.8830427523e-05	0.000232982565138	0.000155321710092	3.8830427523e-05	0.0	3.8830427523e-05	7.7660855046e-05	0.00104842154312	0.000854269405506	0.00038830427523	0.00143672581835
k__Bacteria;p__Proteobacteria;c__Epsilonproteobacteria;o__Campylobacterales;f__Helicobacteraceae;g__Flexispira;s__	0.0123480759523	0.00757193336699	0.000504795557799	0.0105618762863	0.00889216790277	0.0	0.0249291344698	0.0161922882771	0.0273754514037	0.000582456412845	0.00896982875781	0.0131246845028	0.000893099833029	0.00535859899817	0.0217062089854	0.0	0.000621286840368	0.0140177843358	0.0394905447909	0.0182114705083	0.000543625985322	0.0062516988312	0.00124257368074	0.00465965130276	0.000815438977983	0.00508678600551	0.00605754669359
k__Bacteria;p__Proteobacteria;c__Epsilonproteobacteria;o__Campylobacterales;f__Helicobacteraceae;g__Helicobacter;Other	0.00132023453578	0.0538189725469	0.118937599503	0.0141342756184	0.0782821418864	0.0490816603891	0.18937599503	0.0023686560789	0.0149497145964	0.107366132101	0.00298994291927	0.0100570807285	0.128489884674	0.00326175591193	0.0126975498	0.00159204752844	0.00737778122937	0.0123480759523	0.0082708810624	0.00508678600551	0.00139789539083	0.00434900788258	0.0043878383101	0.0614297363414	0.0558769852056	0.0216285481303	0.114976895896
k__Bacteria;p__Proteobacteria;c__Epsilonproteobacteria;o__Campylobacterales;f__Helicobacteraceae;g__Helicobacter;s__	0.000116491282569	0.000582456412845	0.0105618762863	0.000232982565138	0.00159204752844	0.0174348619578	0.00155321710092	0.000116491282569	0.000155321710092	0.000660117267891	7.7660855046e-05	0.000349473847707	0.000815438977983	0.0	0.000116491282569	0.00500912515047	0.0	0.000116491282569	0.00217450394129	0.00124257368074	0.0033782471945	0.000465965130276	0.00225216479633	0.000621286840368	0.000931930260552	0.00170853881101	0.00139789539083
k__Bacteria;p__Proteobacteria;c__Gammaproteobacteria;o__Aeromonadales;f__Aeromonadaceae;g__Tolumonas;s__	0.0	0.0	0.0	0.0	0.0	0.0	0.0	0.0	3.8830427523e-05	3.8830427523e-05	0.0	0.0	0.0	0.0	0.0	0.0	0.0	0.0	0.0	0.0	0.0	0.0	0.0	0.0	0.0	0.0	0.0
k__Bacteria;p__Proteobacteria;c__Gammaproteobacteria;o__Enterobacteriales;f__Enterobacteriaceae;Other;Other	0.0	0.0	0.0	3.8830427523e-05	7.7660855046e-05	0.0	0.0	0.0010095911156	0.0	0.0	3.8830427523e-05	0.0	0.0	0.0	0.0	0.0	0.0	0.0	0.0	0.0	0.0	0.0	0.0	0.0	0.0	0.0	0.0
k__Bacteria;p__Proteobacteria;c__Gammaproteobacteria;o__Enterobacteriales;f__Enterobacteriaceae;g__;s__	0.000349473847707	0.0	0.000116491282569	0.00267929949909	0.000660117267891	0.000116491282569	0.000621286840368	0.0048926338679	0.000116491282569	0.0	0.00120374325321	0.00497029472294	0.0	3.8830427523e-05	0.000194152137615	0.000698947695414	0.000155321710092	0.000465965130276	3.8830427523e-05	0.000194152137615	0.000232982565138	3.8830427523e-05	7.7660855046e-05	0.000155321710092	0.000194152137615	0.0	0.000116491282569
k__Bacteria;p__Proteobacteria;c__Gammaproteobacteria;o__Enterobacteriales;f__Enterobacteriaceae;g__Enterobacter;Other	0.0	0.0	0.0	7.7660855046e-05	0.0	0.0	0.0	3.8830427523e-05	0.0	0.0	0.0	0.0	0.0	0.0	0.0	0.0	0.0	0.0	0.0	0.0	0.0	0.0	0.0	0.0	0.0	0.0	0.0
k__Bacteria;p__Proteobacteria;c__Gammaproteobacteria;o__Legionellales;f__Legionellaceae;g__;s__	3.8830427523e-05	0.0	0.0	0.000116491282569	0.0	0.0	0.0	3.8830427523e-05	3.8830427523e-05	0.0	0.0	3.8830427523e-05	0.0	0.0	0.0	3.8830427523e-05	3.8830427523e-05	0.0	0.0	0.0	0.0	0.0	0.0	7.7660855046e-05	0.0	0.0	3.8830427523e-05
k__Bacteria;p__Proteobacteria;c__Gammaproteobacteria;o__Pasteurellales;f__Pasteurellaceae;g__Aggregatibacter;s__pneumotropica	0.000232982565138	3.8830427523e-05	0.0	0.0	0.0	0.0	3.8830427523e-05	0.0	0.0	0.0	0.0	0.0	0.0	0.0	0.0	0.0	0.0	0.0	7.7660855046e-05	0.0	7.7660855046e-05	0.000155321710092	0.0	0.0	0.0	0.0	0.0
k__Bacteria;p__Proteobacteria;c__Gammaproteobacteria;o__Pseudomonadales;f__Moraxellaceae;g__Acinetobacter;s__	3.8830427523e-05	0.0	0.0	0.0	0.0	0.0	0.0	0.000310643420184	0.0	0.0	0.0	0.0	0.0	0.0	0.0	0.0	0.0	0.0	0.0	0.0	0.0	0.0	0.0	0.0	0.0	0.0	0.0
k__Bacteria;p__Proteobacteria;c__Gammaproteobacteria;o__Pseudomonadales;f__Moraxellaceae;g__Acinetobacter;s__rhizosphaerae	0.0	0.0	0.0	0.000271812992661	0.0	0.0	0.0	0.000621286840368	0.0	0.0	0.0	0.0	0.0	0.0	0.0	0.0	0.0	0.0	0.0	0.0	0.0	0.0	0.0	0.0	0.0	0.0	0.0
k__Bacteria;p__Proteobacteria;c__Gammaproteobacteria;o__Pseudomonadales;f__Pseudomonadaceae;Other;Other	0.0	0.0	0.0	3.8830427523e-05	3.8830427523e-05	0.0	0.0	0.000271812992661	0.0	0.0	0.0	0.0	0.0	0.0	0.0	0.0	0.0	0.0	0.0	0.0	0.0	0.0	0.0	0.0	0.0	0.0	0.0
k__Bacteria;p__Proteobacteria;c__Gammaproteobacteria;o__Xanthomonadales;f__Xanthomonadaceae;g__;s__	0.0	0.0	0.0	0.0	0.0	0.0	0.0	7.7660855046e-05	0.0	0.0	0.0	0.0	0.0	0.0	0.0	0.0	0.0	0.0	0.0	0.0	0.0	0.0	0.0	0.0	0.0	0.0	0.0
k__Bacteria;p__Proteobacteria;c__Gammaproteobacteria;o__Xanthomonadales;f__Xanthomonadaceae;g__Luteimonas;s__	0.0	0.0	0.0	7.7660855046e-05	0.0	0.0	0.0	0.0	0.0	0.0	0.0	0.0	0.0	0.0	0.0	0.0	0.0	0.0	0.0	0.0	0.0	0.0	0.0	0.0	0.0	0.0	0.0
k__Bacteria;p__Proteobacteria;c__Gammaproteobacteria;o__Xanthomonadales;f__Xanthomonadaceae;g__Stenotrophomonas;s__acidaminiphila	0.0	0.0	3.8830427523e-05	0.0	0.0	0.0	0.0	7.7660855046e-05	0.0	0.0	0.0	0.0	0.0	0.0	0.0	0.0	0.0	0.0	0.0	0.0	0.0	0.0	0.0	0.0	0.0	0.0	0.0
k__Bacteria;p__TM7;c__TM7-3;o__CW040;f__F16;g__;s__	0.0201141614569	0.0130858540753	0.0188715877762	0.0365782627267	0.00784374635965	0.0192598920514	0.00931930260552	0.0209684308624	0.0154545101542	0.0263270298606	0.010989010989	0.0283850425193	0.00768842464956	0.0231429348037	0.00772725507708	0.0104842154312	0.0147167320312	0.0171630489652	0.0181338096532	0.0137459713431	0.0123869063798	0.0185221139285	0.0222886653982	0.0220556828331	0.0198811788918	0.0212790742826	0.0175901836679
k__Bacteria;p__Tenericutes;c__Mollicutes;o__Anaeroplasmatales;f__Anaeroplasmataceae;g__Anaeroplasma;s__	0.0	0.0	0.0015143866734	0.0	0.000194152137615	0.0	0.0	0.000194152137615	0.0	0.0	0.0	0.0	0.0	0.0	0.000349473847707	0.0	0.0	3.8830427523e-05	0.00718362909176	0.0	0.0	0.000854269405506	0.0	3.8830427523e-05	0.000116491282569	0.000232982565138	3.8830427523e-05
k__Bacteria;p__Tenericutes;c__Mollicutes;o__RF39;f__;g__;s__	0.00531976857065	0.00462082087524	0.0069118160991	0.00652351182387	0.00248514736147	0.00613520754864	0.0020191822312	0.0038830427523	0.0010095911156	0.00345590804955	0.00155321710092	0.00403836446239	0.00578573370093	0.00353356890459	0.00609637712111	0.00687298567157	0.00302877334679	0.00407719488992	0.00450432959267	0.00298994291927	0.00298994291927	0.00302877334679	0.00392187317982	0.00500912515047	0.00345590804955	0.00143672581835	0.00291228206423
k__Bacteria;p__Verrucomicrobia;c__Verrucomicrobiae;o__Verrucomicrobiales;f__Verrucomicrobiaceae;g__Akkermansia;s__muciniphila	0.0	0.0	0.0	3.8830427523e-05	0.0	0.0	0.0	0.0	0.0	0.000543625985322	0.0148720537413	0.0184056226459	0.0384421232478	0.00516444686056	0.00823205063488	0.00357239933212	0.00345590804955	0.0117656195395	0.0	7.7660855046e-05	3.8830427523e-05	0.0	3.8830427523e-05	0.0	0.00038830427523	0.000194152137615	0.000155321710092